Detected Counts (Dicroic1 Arm Blue, CD#2)
104	0.8	45.7	22.9	27	3.8	448.90	0.0046	1.6	77.2	45.7	46	5.4	0.8	33.1	22.3	20	2.8
105	0.99	56.6	30.3	33	4.4	444.62	0.0045	2	96.3	55.2	57	6.3	0.99	41.4	25.9	25	3.4
106	1.1	60.2	32.3	35	4.6	440.43	0.0045	2.2	104	58.4	61	6.7	1.1	45	26.3	27	3.7
107	1.2	64.5	34.7	38	4.8	436.31	0.0044	2.3	111	63.6	65	7	1.2	48.5	28.6	29	3.9
108	1.3	72.9	38.8	43	5.3	432.27	0.0044	2.6	124	71.5	73	7.5	1.3	53.7	32.7	32	4.2
109	1.4	80.3	44.1	47	5.6	428.31	0.0044	2.9	138	78.6	81	8	1.4	59.5	35.1	35	4.5
110	1.5	87.2	47.6	51	6	424.41	0.0043	3	140	82.7	83	8.1	1.5	63	36.7	37	4.7
111	1.5	137	48.3	77	8.4	420.59	0.0043	3	196	83.9	1.1e+02	10	1.5	66.1	36.9	39	4.9
112	1.5	89.7	48.9	53	6.1	416.83	0.0042	3	203	84.9	1.2e+02	11	1.5	104	37.4	58	7
113	1.5	72.2	49.4	44	5.1	413.15	0.0042	3.1	137	85.6	82	7.9	1.5	68	37.7	40	5
114	1.5	70.5	50	43	5	409.52	0.0042	3.1	122	86	74	7.2	1.5	54.7	37.9	33	4.2
115	1.5	66.1	49.6	40	4.7	405.96	0.0041	3	119	85.3	72	7.1	1.5	52.8	37.5	32	4
116	1.5	56.7	49.2	36	4.2	402.46	0.0041	3	107	84.4	66	6.5	1.5	49.5	37.1	30	3.8
117	1.4	48	48.6	31	3.6	399.02	0.0041	2.9	89.8	82.9	57	5.7	1.5	42.3	36.4	26	3.4
118	1.4	48.4	47.3	31	3.7	395.64	0.004	2.8	79.3	80.8	51	5.1	1.4	35.6	35.4	23	2.9
119	1.3	49.4	46.1	31	3.7	392.31	0.004	2.7	85.2	78.8	54	5.5	1.4	36	34.6	23	2.9
120	1.3	39.9	45	26	3.1	389.04	0.004	2.6	78	76.6	50	5.1	1.3	36.7	33.7	23	3
121	1.2	41.9	43.5	27	3.3	385.83	0.0039	2.5	64.4	74.1	43	4.4	1.3	29.6	32.6	19	2.5
122	1.2	51.7	42	32	3.9	382.67	0.0039	2.4	80.4	71.4	51	5.3	1.2	31	31.4	20	2.6
123	1.1	37.8	40.5	25	3	379.56	0.0039	2.3	80.1	68.7	50	5.3	1.2	38.4	30.2	24	3.1
124	1.1	44.1	38.8	28	3.5	376.49	0.0039	2.2	63.2	65.9	41	4.4	1.1	28	29	18	2.4
125	1	31.1	37.1	21	2.6	373.48	0.0038	2.1	72	63.1	45	4.9	1	32.7	27.8	20	2.8
126	0.97	22.9	35.7	16	1.9	370.52	0.0038	2	43.6	60.4	30	3.2	0.99	23.1	26.6	15	2
127	0.9	26.1	33.8	18	2.2	367.60	0.0038	1.8	39.3	57	27	3	0.92	16.8	25	12	1.5
128	0.84	29.8	31.9	19	2.5	364.73	0.0037	1.7	46.8	53.7	31	3.5	0.86	19.2	23.6	13	1.7
129	0.78	26.7	29.9	18	2.3	361.90	0.0037	1.6	49.8	50.5	32	3.7	0.8	21.9	22.2	14	2
130	0.73	24.3	27.6	16	2.1	359.12	0.0037	1.5	43.2	48	28	3.3	0.75	19.9	21.5	13	1.8
131	0.71	23.1	26.9	15	2	356.38	0.0037	1.4	41.1	46.8	27	3.2	0.72	18.7	21	12	1.7
132	0.68	21.9	26.2	15	1.9	353.68	0.0036	1.4	39	45.5	26	3	0.7	17.8	20.4	12	1.6
133	0.65	20.7	25.6	14	1.8	351.02	0.0036	1.3	36.9	44.1	25	2.9	0.67	16.8	19.8	11	1.6
134	0.62	19.2	24.7	13	1.7	348.40	0.0036	1.3	34.4	42.3	23	2.8	0.64	15.7	18.9	11	1.5
135	0.58	17.7	23.3	12	1.6	345.82	0.0036	1.2	31.7	40.2	21	2.6	0.59	14.5	18	9.8	1.4
136	0.55	16.5	22.3	11	1.5	343.27	0.0035	1.1	29.6	38.7	20	2.4	0.56	13.6	17.4	9.2	1.3
137	0.52	15.4	21.7	11	1.4	340.77	0.0035	1.1	27.7	37.3	19	2.3	0.53	12.7	16.8	8.7	1.2
138	0.48	14	20.7	9.8	1.3	338.30	0.0035	0.98	25.3	35.5	18	2.1	0.5	11.7	15.9	8	1.1
139	0.44	12.6	19.5	9	1.2	335.86	0.0035	0.9	22.8	33.4	16	2	0.45	10.5	15	7.3	1
140	0.4	11.5	18.4	8.3	1.1	333.47	0.0034	0.83	20.8	31.8	15	1.8	0.42	9.61	14.3	6.8	0.94
141	0.37	10.4	17.6	7.6	1	331.10	0.0034	0.77	19	30.3	14	1.7	0.39	8.78	13.6	6.3	0.87
142	0.33	9.22	16.7	6.9	0.9	328.77	0.0034	0.7	17.1	28.9	12	1.5	0.36	8	13	5.8	0.8
0	nan	174	177	1.2e+02	nan	678.54	0.0055	nan	296	320	2e+02	11	nan	126	142	86	nan
90	2.3	174	177	1.2e+02	7.8	678.54	0.0055	4.5	296	320	2e+02	11	2.3	126	142	86	6.2
91	2.3	184	173	1.2e+02	8.2	671.08	0.0054	4.7	312	315	2.1e+02	11	2.4	133	142	90	6.5
92	2.5	196	173	1.3e+02	8.7	663.79	0.0053	4.9	333	313	2.2e+02	12	2.5	142	140	95	6.9
93	2.5	204	170	1.3e+02	9	656.65	0.0053	5	349	305	2.3e+02	12	2.5	150	136	99	7.2
94	2.5	207	163	1.3e+02	9.1	649.67	0.0052	5.1	357	293	2.3e+02	13	2.6	155	131	1e+02	7.5
95	2.6	218	158	1.4e+02	9.6	642.83	0.0052	5.2	366	286	2.4e+02	13	2.6	159	129	1e+02	7.7
96	2.7	256	156	1.6e+02	11	636.14	0.0051	5.4	403	282	2.6e+02	14	2.7	168	127	1.1e+02	8
97	2.8	459	158	2.8e+02	17	629.58	0.0051	5.6	524	283	3.3e+02	17	2.8	200	127	1.3e+02	9.2
98	2.8	271	158	1.7e+02	11	623.16	0.005	5.7	739	282	4.5e+02	22	2.9	357	126	2.2e+02	14
99	2.9	209	156	1.3e+02	9.3	616.87	0.005	5.8	405	276	2.6e+02	14	2.9	207	123	1.3e+02	9.5
100	2.9	195	151	1.3e+02	8.8	610.70	0.0049	5.7	345	266	2.2e+02	13	2.9	158	118	1e+02	7.7
101	2.8	187	145	1.2e+02	8.6	604.66	0.0049	5.7	331	254	2.1e+02	12	2.8	147	113	95	7.3
102	2.8	173	138	1.1e+02	8.1	598.73	0.0048	5.6	311	241	2e+02	12	2.8	141	107	91	7.1
103	2.7	169	131	1.1e+02	8	592.92	0.0048	5.4	291	229	1.9e+02	11	2.7	130	102	84	6.7
104	2.7	169	124	1.1e+02	8.1	587.22	0.0047	5.4	292	219	1.9e+02	11	2.7	128	97.6	82	6.7
106	2.8	168	122	1.1e+02	8.3	576.14	0.0047	5.6	284	214	1.8e+02	11	2.8	128	95.3	82	6.9
107	2.7	194	114	1.2e+02	9.4	570.76	0.0046	5.4	303	202	1.9e+02	12	2.7	127	90.1	81	6.9
108	2.7	190	109	1.2e+02	9.3	565.48	0.0046	5.4	352	195	2.2e+02	14	2.7	151	88.2	95	8
109	2.7	150	106	96	7.8	560.29	0.0045	5.5	298	190	1.9e+02	12	2.7	148	85.9	93	7.9
110	2.7	155	104	99	8	555.20	0.0045	5.5	259	184	1.7e+02	11	2.7	117	83.4	75	6.6
111	2.7	161	100	1e+02	8.3	550.20	0.0045	5.5	277	178	1.8e+02	12	2.7	121	80.8	77	6.8
112	2.7	157	98.2	99	8.1	545.29	0.0044	5.5	280	174	1.8e+02	12	2.7	126	78.8	80	7
113	2.7	149	95	95	7.8	540.46	0.0044	5.4	267	168	1.7e+02	11	2.7	122	75.7	77	6.9
114	2.7	148	91.4	93	7.8	535.72	0.0043	5.3	256	161	1.6e+02	11	2.7	116	72.9	73	6.6
115	2.6	150	87.2	94	7.9	531.07	0.0043	5.2	258	154	1.6e+02	11	2.6	115	69.8	72	6.6
116	2.6	148	84	93	7.9	526.49	0.0043	5.2	261	149	1.6e+02	11	2.6	117	67.9	74	6.7
117	2.6	144	81.4	90	7.8	521.99	0.0042	5.2	258	146	1.6e+02	11	2.6	117	66.6	73	6.8
118	2.6	139	79.8	87	7.6	517.57	0.0042	5.2	251	143	1.6e+02	11	2.6	115	65.6	72	6.7
119	2.6	139	78.6	87	7.6	513.22	0.0042	5.2	242	141	1.5e+02	11	2.6	111	64.4	70	6.5
120	2.6	168	77.2	1e+02	8.8	508.95	0.0041	5.2	254	137	1.6e+02	11	2.6	110	62.6	69	6.5
121	2.6	237	75.1	1.4e+02	11	504.74	0.0041	5.2	334	133	2e+02	14	2.6	133	60.6	82	7.5
122	2.5	252	72	1.5e+02	12	500.60	0.0041	5.1	439	127	2.6e+02	17	2.5	186	58	1.1e+02	9.8
123	2.5	379	68.5	2.2e+02	16	496.54	0.004	5	467	122	2.8e+02	18	2.5	198	55.8	1.2e+02	10
124	2.5	405	66	2.4e+02	17	492.53	0.004	4.9	779	119	4.6e+02	24	2.5	304	55.1	1.8e+02	14
125	2.5	234	65.7	1.4e+02	11	488.59	0.004	5	599	119	3.5e+02	21	2.5	331	55.1	1.9e+02	15
126	2.5	156	65.5	95	8.5	484.72	0.004	5	349	118	2.1e+02	14	2.5	191	54.5	1.1e+02	10
127	2.5	135	65.2	83	7.6	480.90	0.0039	5	255	115	1.6e+02	12	2.5	126	53.3	77	7.3
128	2.4	125	62.7	77	7.2	477.14	0.0039	4.9	228	110	1.4e+02	11	2.4	106	50.1	65	6.4