 Malec Catalogue 2010 see vizier.
    1  L      0 P       1  1110.062558  0.000003 1    0.0005739140   1.9e+09  -0.00973852
    2  L      0 P       2  1112.495989  0.000003 1    0.0006914590   1.9e+09  -0.01190946
    3  L      0 P       3  1115.895530  0.000003 1    0.0007380640   1.9e+09  -0.01491660
    4  L      0 P       4  1120.248839  0.000003 1    0.0007559550   1.8e+09  -0.01872438
    5  L      0 P       5  1125.540690  0.000005 1    0.0007576920   1.8e+09  -0.02329085
    6  L      0 P       6  1131.753504  0.000006 1    0.0007480720   1.8e+09  -0.02857077
    7  L      0 P       7  1151.638400  0.001400 3    0.0007298670   1.8e+09  -0.03451983
    8  L      0 R       0  1108.127317  0.000002 1    0.0016645700   1.9e+09  -0.00800319
    9  L      0 R       1  1108.633244  0.000003 1    0.0010770000   1.9e+09  -0.00846231
   10  L      0 R       2  1110.120562  0.000003 1    0.0009322010   1.8e+09  -0.00980419
   11  L      0 R       3  1112.583944  0.000005 1    0.0008467840   1.8e+09  -0.01201537
   12  L      0 R       4  1116.014618  0.000007 1    0.0007779880   1.8e+09  -0.01507444
   13  L      0 R       5  1120.400623  0.000005 1    0.0007157140   1.8e+09  -0.01895450
   14  L      0 R       6  1125.727077  0.000005 1    0.0006563260   1.8e+09  -0.02362649
   15  L      1 P       1  1094.051949  0.000003 1    0.0019685200   1.7e+09  -0.00259287
   16  L      1 P       2  1096.438914  0.000005 1    0.0023671300   1.7e+09  -0.00474693
   17  L      1 P       3  1099.787177  0.000005 1    0.0025256900   1.7e+09  -0.00774742
   18  L      1 P       4  1104.083933  0.000007 1    0.0025954700   1.7e+09  -0.01155644
   19  L      1 P       5  1109.313238  0.000004 1    0.0026158500   1.7e+09  -0.01612812
   20  L      1 P       6  1115.456467  0.000005 1    0.0026043100   1.7e+09  -0.02141170
   21  L      1 P       7  1134.896500  0.001300 3    0.0025686100   1.7e+09  -0.02735538
   22  L      1 R       0  1092.195201  0.000004 1    0.0057835800   1.7e+09  -0.00092454
   23  L      1 R       1  1092.732382  0.000004 1    0.0037801500   1.7e+09  -0.00143170
   24  L      1 R       2  1094.244560  0.000007 1    0.0033148000   1.7e+09  -0.00282772
   25  L      1 R       3  1096.725316  0.000004 1    0.0030557100   1.7e+09  -0.00509470
   26  L      1 R       4  1100.164528  0.000007 1    0.0028543000   1.7e+09  -0.00820532
   27  L      1 R       5  1104.548705  0.000005 1    0.0026760600   1.7e+09  -0.01212508
   28  L      1 R       6  1109.861422  0.000008 1    0.0025058000   1.7e+09  -0.01681549
   29  L      2 P       1  1078.925400  0.000003 1    0.0039225700   1.6e+09   0.00397218
   30  L      2 P       2  1081.265950  0.000004 1    0.0046998300   1.6e+09   0.00183764
   31  L      2 P       3  1084.560256  0.000003 1    0.0050094600   1.6e+09  -0.00114925
   32  L      2 P       4  1088.795369  0.000004 1    0.0051504600   1.6e+09  -0.00494895
   33  L      2 P       5  1093.954976  0.000003 1    0.0052067300   1.6e+09  -0.00951288
   34  L      2 P       6  1100.019972  0.000005 1    0.0052097400   1.6e+09  -0.01478632
   35  L      2 P       7  1119.029700  0.001300 3    0.0051760200   1.6e+09  -0.02071215
   36  L      2 R       0  1077.138656  0.000003 1    0.0116679000   1.6e+09   0.00558220
   37  L      2 R       1  1077.698852  0.000003 1    0.0076932400   1.6e+09   0.00503784
   38  L      2 R       2  1079.225425  0.000004 1    0.0068179900   1.6e+09   0.00360188
   39  L      2 R       3  1081.711274  0.000003 1    0.0063624700   1.6e+09   0.00129543
   40  L      2 R       4  1085.145527  0.000005 1    0.0060306400   1.6e+09  -0.00184988
   41  L      2 R       5  1089.513848  0.000005 1    0.0057395100   1.6e+09  -0.00579408
   42  L      2 R       6  1094.798877  0.000005 1    0.0054632500   1.6e+09  -0.01049178
   43  L      3 P       1  1064.605318  0.000004 1    0.0059413800   1.5e+09   0.01000951
   44  L      3 P       2  1066.900633  0.000004 1    0.0070904500   1.5e+09   0.00789541
   45  L      3 P       3  1070.140818  0.000003 1    0.0075382800   1.5e+09   0.00492550
   46  L      3 P       4  1074.312899  0.000005 1    0.0077435800   1.5e+09   0.00114033
   47  L      3 P       5  1079.400450  0.000004 1    0.0078344600   1.5e+09  -0.00340979
   48  L      3 P       6  1085.384151  0.000006 1    0.0078606000   1.5e+09  -0.00866755
   49  L      3 P       7  1103.982300  0.001300 3    0.0078432500   1.5e+09  -0.01457227
   50  L      3 R       0  1062.882074  0.000004 1    0.0178952000   1.5e+09   0.01156759
   51  L      3 R       1  1063.460086  0.000003 1    0.0119024000   1.5e+09   0.01099293
   52  L      3 R       2  1064.994759  0.000004 1    0.0106482000   1.5e+09   0.00952560
   53  L      3 R       3  1067.478598  0.000004 1    0.0100421000   1.5e+09   0.00718891
   54  L      3 R       4  1070.900286  0.000006 1    0.0096263900   1.5e+09   0.00401739
   55  L      3 R       5  1075.244947  0.000006 1    0.0092814200   1.5e+09   0.00005478
   56  L      3 R       6  1080.494745  0.000024 1    0.0089545200   1.5e+09  -0.00464885
   57  L      4 P       1  1051.032451  0.000005 1    0.0076015300   1.4e+09   0.01555697
   58  L      4 P       2  1053.284210  0.000004 1    0.0090222300   1.4e+09   0.01346322
   59  L      4 P       3  1056.471373  0.000003 1    0.0095556700   1.4e+09   0.01051153
   60  L      4 P       4  1060.580970  0.000004 1    0.0097936400   1.4e+09   0.00674295
   61  L      4 P       5  1065.596570  0.000004 1    0.0099000600   1.4e+09   0.00220871
   62  L      4 P       6  1071.498770  0.000005 1    0.0099386000   1.4e+09  -0.00303240
   63  L      4 P       7  1089.706500  0.001200 3    0.0099414900   1.4e+09  -0.00891760
   64  L      4 R       0  1049.367383  0.000004 1    0.0231929000   1.4e+09   0.01706801
   65  L      4 R       1  1049.959704  0.000003 1    0.0155494000   1.4e+09   0.01646751
   66  L      4 R       2  1051.498512  0.000004 1    0.0140303000   1.4e+09   0.01497399
   67  L      4 R       3  1053.976051  0.000004 1    0.0133569000   1.4e+09   0.01261209
   68  L      4 R       4  1057.380706  0.000007 1    0.0129372000   1.4e+09   0.00941815
   69  L      4 R       5  1061.697413  0.000005 1    0.0126059000   1.4e+09   0.00543822
   70  L      4 R       6  1066.907971  0.000034 1    0.0123026000   1.4e+09   0.00072530
   71  L      5 P       1  1038.157044  0.000004 1    0.0086605700   1.4e+09   0.02064400
   72  L      5 P       2  1040.367202  0.000003 1    0.0102228000   1.4e+09   0.01856997
   73  L      5 P       3  1043.503090  0.000004 1    0.0107672000   1.4e+09   0.01563663
   74  L      5 P       4  1047.551786  0.000004 1    0.0109902000   1.4e+09   0.01188511
   75  L      5 P       5  1052.496918  0.000004 1    0.0110794000   1.4e+09   0.00736695
   76  L      5 P       6  1058.319102  0.000009 1    0.0111122000   1.4e+09   0.00214153
   77  L      5 P       7  1076.155600  0.001200 3    0.0111219000   1.3e+09  -0.00372739
   78  L      5 R       0  1036.545680  0.000002 1    0.0268337000   1.4e+09   0.02211196
   79  L      5 R       1  1037.149822  0.000003 1    0.0181342000   1.4e+09   0.02148875
   80  L      5 R       2  1038.690179  0.000003 1    0.0165030000   1.4e+09   0.01997239
   81  L      5 R       3  1041.158832  0.000004 1    0.0158464000   1.4e+09   0.01758824
   82  L      5 R       4  1044.543977  0.000005 1    0.0154839000   1.4e+09   0.01437358
   83  L      5 R       5  1048.830369  0.000005 1    0.0152277000   1.3e+09   0.01037564
   84  L      5 R       6  1053.998700  0.001200 3    0.0150045000   1.3e+09   0.00564897
   85  L      6 P       1  1025.935181  0.000006 1    0.0090943000   1.3e+09   0.02529614
   86  L      6 P       2  1028.105875  0.000007 1    0.0106298000   1.3e+09   0.02324105
   87  L      6 P       3  1031.192672  0.000004 1    0.0111102000   1.3e+09   0.02032577
   88  L      6 P       4  1035.182762  0.000005 1    0.0112657000   1.3e+09   0.01659124
   89  L      6 P       5  1040.059726  0.000004 1    0.0113034000   1.3e+09   0.01208886
   90  L      6 P       6  1045.804318  0.000005 1    0.0113046000   1.3e+09   0.00687799
   91  L      6 P       7  1063.288800  0.001200 3    0.0113078000   1.3e+09   0.00102254
   92  L      6 R       0  1024.373738  0.000006 1    0.0287085000   1.3e+09   0.02672449
   93  L      6 R       1  1024.987976  0.000003 1    0.0195752000   1.3e+09   0.02608105
   94  L      6 R       2  1026.528323  0.000005 1    0.0179656000   1.3e+09   0.02454448
   95  L      6 R       3  1028.986607  0.000004 1    0.0173884000   1.3e+09   0.02214038
   96  L      6 R       4  1032.350972  0.000008 1    0.0171203000   1.3e+09   0.01890632
   97  L      6 R       5  1036.604730  0.000020 1    0.0169652000   1.3e+09   0.01488993
   98  L      6 R       6  1041.734691  0.000054 1    0.0168443000   1.3e+09   0.01014630
   99  L      7 P       1  1014.327128  0.000006 1    0.0089822200   1.2e+09   0.02953792
  100  L      7 P       2  1016.461136  0.000005 1    0.0102323000   1.2e+09   0.02750099
  101  L      7 P       3  1019.502139  0.000003 1    0.0104758000   1.2e+09   0.02460346
  102  L      7 P       4  1023.436799  0.000005 1    0.0104924000   1.2e+09   0.02088590
  103  L      7 P       5  1028.248570  0.000004 1    0.0104684000   1.2e+09   0.01639930
  104  L      7 P       6  1033.918239  0.000021 1    0.0104606000   1.2e+09   0.01120261
  105  L      7 P       7  1051.071500  0.001200 3    0.0104866000   1.2e+09   0.00535938
  106  L      7 R       0  1012.812914  0.000004 1    0.0297020000   1.2e+09   0.03092982
  107  L      7 R       1  1013.436916  0.000002 1    0.0205043000   1.2e+09   0.03026841
  108  L      7 R       2  1014.976843  0.000005 1    0.0189365000   1.2e+09   0.02871411
  109  L      7 R       3  1017.424212  0.000004 1    0.0183845000   1.2e+09   0.02629246
  110  L      7 R       4  1020.767035  0.000011 1    0.0181358000   1.2e+09   0.02304091
  111  L      7 R       5  1024.990170  0.000011 1    0.0180093000   1.2e+09   0.01900700
  112  L      7 R       6  1030.073600  0.001100 3    0.0179340000   1.2e+09   0.01424573
  113  L      8 P       1  1003.296508  0.000005 1    0.0084659900   1.2e+09   0.03339412
  114  L      8 P       2  1005.393086  0.000005 1    0.0099107100   1.2e+09   0.03137464
  115  L      8 P       3  1008.386075  0.000003 1    0.0104293000   1.2e+09   0.02849467
  116  L      8 P       4  1012.262348  0.000005 1    0.0107544000   1.2e+09   0.02479431
  117  L      8 P       5  1017.004186  0.000005 1    0.0112202000   1.2e+09   0.02029474
  118  L      8 P       6  1022.585960  0.000021 1    0.0125592000   1.2e+09   0.01498634
  119  L      8 P       7  1039.210400  0.001100 3    0.0232550000   1.2e+09  -0.00116452
  120  L      8 R       0  1001.823741  0.000004 1    0.0267679000   1.2e+09   0.03475253
  121  L      8 R       1  1002.452009  0.000003 1    0.0182317000   1.2e+09   0.03407534
  122  L      8 R       2  1003.985377  0.000005 1    0.0166161000   1.2e+09   0.03250586
  123  L      8 R       3  1006.414053  0.000005 1    0.0157143000   1.2e+09   0.03004038
  124  L      8 R       4  1009.719690  0.000020 1    0.0141081000   1.2e+09   0.02664915
  125  L      8 R       5  1013.706500  0.001100 3    0.0011601300   1.2e+09   0.01243063
  126  L      8 R       6  1019.018900  0.001100 3    0.0204951000   1.1e+09   0.01766495
  127  L      9 P       1   992.809625  0.000004 1    0.0076988500   1.1e+09   0.03688977
  128  L      9 P       2   994.874026  0.000006 1    0.0086591800   1.1e+09   0.03488711
  129  L      9 P       3   997.827121  0.000003 1    0.0087609500   1.1e+09   0.03202454
  130  L      9 P       4  1001.655682  0.000005 1    0.0086911600   1.1e+09   0.02834180
  131  L      9 P       5  1006.343184  0.000003 1    0.0086334100   1.1e+09   0.02388888
  132  L      9 P       6  1011.870513  0.000050 1    0.0086450300   1.1e+09   0.01872364
  133  L      9 P       7  1028.411400  0.001100 3    0.0087586100   1.1e+09   0.01290853
  134  L      9 R       0   991.378851  0.000005 1    0.0261242000   1.1e+09   0.03821743
  135  L      9 R       1   992.016320  0.000002 1    0.0182598000   1.1e+09   0.03752654
  136  L      9 R       2   993.550563  0.000005 1    0.0170432000   1.1e+09   0.03594442
  137  L      9 R       3   995.972783  0.000003 1    0.0166863000   1.1e+09   0.03349627
  138  L      9 R       4   999.270807  0.000005 1    0.0165603000   1.1e+09   0.03021901
  139  L      9 R       5  1003.428400  0.001100 3    0.0164978000   1.1e+09   0.02615952
  140  L      9 R       6  1008.428900  0.001100 3    0.0164072000   1.1e+09   0.02137208
  141  L     10 P       1   982.835296  0.000005 1    0.0068112000   1.1e+09   0.04004930
  142  L     10 P       2   984.864026  0.000007 1    0.0081708500   1.1e+09   0.03806275
  143  L     10 P       3   987.768823  0.000004 1    0.0089279300   1.1e+09   0.03515959
  144  L     10 P       4   991.533853  0.000006 1    0.0099195700   1.1e+09   0.03138155
  145  L     10 P       5   996.124697  0.000006 1    0.0127433000   1.1e+09   0.02610094
  146  L     10 P       6  1001.911700  0.001100 3    0.0002628270   1.1e+09   0.00917942
  147  L     10 P       7  1017.976500  0.001100 3    0.0037399300   1.0e+09   0.01492525
  148  L     10 R       0   981.438709  0.000007 1    0.0206903000   1.1e+09   0.04134865
  149  L     10 R       1   982.074245  0.000004 1    0.0136447000   1.1e+09   0.04058840
  150  L     10 R       2   983.591063  0.000005 1    0.0115741000   1.1e+09   0.03888367
  151  L     10 R       3   985.962767  0.000006 1    0.0082765500   1.1e+09   0.03558931
  152  L     10 R       4   989.557270  0.000980 3    0.0310766000   1.1e+09   0.02068108
  153  L     10 R       5   993.491920  0.000990 3    0.0201634000   1.0e+09   0.02801621
  154  L     10 R       6   998.428330  0.001000 3    0.0178819000   1.0e+09   0.02399851
  155  L     11 P       1   973.344571  0.000006 1    0.0058991200   1.0e+09   0.04289516
  156  L     11 P       2   975.345771  0.000008 1    0.0066437000   1.0e+09   0.04092386
  157  L     11 P       3   978.218030  0.000003 1    0.0067353900   1.0e+09   0.03809495
  158  L     11 P       4   981.948441  0.000003 1    0.0067076700   1.0e+09   0.03444786
  159  L     11 P       5   986.520717  0.000004 1    0.0067149200   1.0e+09   0.03003235
  160  L     11 P       6   991.915746  0.000017 1    0.0068309200   1.0e+09   0.02490619
  161  L     11 P       7   998.111832  0.000073 2b   0.0071295300   1.0e+09   0.01913197
  162  L     11 R       0   971.986230  0.000008 1    0.0200430000   1.0e+09   0.04416825
  163  L     11 R       1   972.632731  0.000003 1    0.0140478000   1.0e+09   0.04345479
  164  L     11 R       2   974.157875  0.000002 1    0.0131537000   1.0e+09   0.04185365
  165  L     11 R       3   976.552811  0.000004 1    0.0128986000   1.0e+09   0.03939034
  166  L     11 R       4   979.805090  0.000020 1    0.0127815000   1.0e+09   0.03610218
  167  L     11 R       5   983.898956  0.000068 2a   0.0126202000   1.0e+09   0.03203650
  168  L     11 R       6   988.813510  0.000980 3    0.0122149000   1.0e+09   0.02724831
  169  L     12 P       1   964.310524  0.000006 1    0.0050280200   9.8e+08   0.04544644
  170  L     12 P       2   966.275434  0.000009 1    0.0064963500   9.8e+08   0.04340505
  171  L     12 P       3   969.089768  0.000004 1    0.0081600300   9.8e+08   0.04022253
  172  L     12 P       4   972.690640  0.000030 1    0.0135586000   1.0e+09   0.03305977
  173  L     12 P       5   977.463601  0.000005 1    0.0003640050   9.9e+08   0.02751866
  174  L     12 P       6   982.726751  0.000011 1    0.0025739200   9.7e+08   0.02634450
  175  L     12 P       7   988.838329  0.000091 2b   0.0035801400   9.6e+08   0.02121293
  176  L     12 R       0   962.977981  0.000008 1    0.0131586000   9.8e+08   0.04661091
  177  L     12 R       1   963.607928  0.000003 1    0.0070739700   9.8e+08   0.04552063
  178  L     12 R       2   965.045710  0.000030 1    0.0015829200   1.0e+09   0.04040726
  179  L     12 R       3   967.676976  0.000005 1    0.0227601000   9.9e+08   0.03681687
  180  L     12 R       4   970.838045  0.000010 1    0.0160389000   9.7e+08   0.03742072
  181  L     12 R       5   974.886485  0.000086 2a   0.0142339000   9.6e+08   0.03396998
  182  L     12 R       6   979.761320  0.000960 3    0.0135200000   9.6e+08   0.02940565
  183  L     13 P       1   955.708153  0.000009 1    0.0042275800   9.4e+08   0.04771815
  184  L     13 P       2   957.652228  0.000009 1    0.0048077600   9.4e+08   0.04577359
  185  L     13 P       3   960.450567  0.000005 1    0.0049321900   9.4e+08   0.04297335
  186  L     13 P       4   964.090790  0.000020 1    0.0049854600   9.4e+08   0.03935778
  187  L     13 P       5   968.556580  0.000007 1    0.0050963800   9.3e+08   0.03497826
  188  L     13 P       6   973.828541  0.000020 1    0.0053630200   9.3e+08   0.02989496
  189  L     13 P       7   989.319870  0.000980 3    0.0059595400   9.3e+08   0.02417375
  190  L     13 R       0   954.413268  0.000009 1    0.0141587000   9.4e+08   0.04894292
  191  L     13 R       1   955.065759  0.000005 1    0.0098800900   9.4e+08   0.04820903
  192  L     13 R       2   956.579917  0.000018 1    0.0092109800   9.4e+08   0.04659168
  193  L     13 R       3   958.946624  0.000007 1    0.0089671500   9.3e+08   0.04411846
  194  L     13 R       4   962.152730  0.000060 1    0.0087510500   9.3e+08   0.04082942
  195  L     13 R       5   966.178710  0.000940 3    0.0083243600   9.3e+08   0.03677543
  196  L     13 R       6   970.997620  0.000950 3    0.0071142100   9.2e+08   0.03201589
  197  L     14 P       1   947.514033  0.000099 2a   0.0035223500   9.0e+08   0.04972156
  198  L     14 P       2   949.352458  0.000100 2b   0.0092825800   9.7e+08   0.03930819
  199  L     14 P       3   952.274166  0.000100 2b   0.0006578050   9.3e+08   0.04104973
  200  L     14 P       4   955.854830  0.000061 2b   0.0016907200   9.1e+08   0.03998528
  201  L     14 P       5   960.265640  0.000930 3    0.0022440400   9.0e+08   0.03624932
  202  L     14 P       6   965.481390  0.000940 3    0.0026144600   8.9e+08   0.03144234
  203  L     14 P       7   980.758370  0.000970 3    0.0029295100   8.9e+08   0.02588968
  204  L     14 R       0   946.169306  0.000099 2a   0.0013395800   9.7e+08   0.04247182
  205  L     14 R       1   946.980395  0.000099 2a   0.0196578000   9.3e+08   0.04625180
  206  L     14 R       2   948.471250  0.000060 2a   0.0129431000   9.1e+08   0.04715304
  207  L     14 R       3   950.818690  0.000910 3    0.0109208000   9.0e+08   0.04529959
  208  L     14 R       4   954.003910  0.000920 3    0.0100543000   8.9e+08   0.04226582
  209  L     14 R       5   958.011400  0.000920 3    0.0096167900   8.9e+08   0.03836088
  210  L     14 R       6   962.821290  0.000930 3    0.0093585900   8.8e+08   0.03368526
  211  L     15 P       1   939.706716  0.000098 2a   0.0029138200   8.7e+08   0.05146650
  212  L     15 P       2   941.599214  0.000098 2b   0.0033679200   8.7e+08   0.04954168
  213  L     15 P       3   944.330460  0.000060 2a   0.0035246900   8.7e+08   0.04676022
  214  L     15 P       4   947.887847  0.000061 2b   0.0036542900   8.6e+08   0.04316527
  215  L     15 P       5   952.254963  0.000062 2b   0.0038785100   8.6e+08   0.03881266
  216  L     15 P       6   957.410209  0.000063 2b   0.0043534800   8.6e+08   0.03376881
  217  L     15 P       7   972.440610  0.000950 3    0.0055813400   8.6e+08   0.02810778
  218  L     15 R       0   938.467757  0.000097 2a   0.0095106300   8.7e+08   0.05264552
  219  L     15 R       1   939.124212  0.000098 2a   0.0065582000   8.7e+08   0.05188763
  220  L     15 R       2   940.626370  0.000060 2a   0.0060279200   8.6e+08   0.05024936
  221  L     15 R       3   942.964220  0.000060 2a   0.0057382200   8.6e+08   0.04776314
  222  L     15 R       4   946.122710  0.000060 2a   0.0053339900   8.6e+08   0.04447549
  223  L     15 R       5   950.073440  0.000910 3    0.0043676200   8.6e+08   0.04044555
  224  L     15 R       6   954.702120  0.000920 3    0.0011429300   9.0e+08   0.03574293
  225  L     16 P       1   932.266208  0.000096 2a   0.0023983600   8.4e+08   0.05296626
  226  L     16 P       2   934.144795  0.000097 2b   0.0022394300   8.4e+08   0.05084687
  227  L     16 P       3   936.857092  0.000097 2b   0.0020498900   8.4e+08   0.04791941
  228  L     16 P       4   940.387542  0.000098 2b   0.0019932300   8.3e+08   0.04428935
  229  L     16 P       5   944.720520  0.000900 3    0.0020318500   8.3e+08   0.03996189
  230  L     16 P       6   949.839960  0.000910 3    0.0021355900   8.3e+08   0.03495694
  231  L     16 P       7   964.704610  0.000940 3    0.0023059500   8.2e+08   0.02937510
  232  L     16 R       0   931.062642  0.000096 2a   0.0106711000   8.4e+08   0.05392193
  233  L     16 R       1   931.732882  0.000096 2a   0.0075312700   8.4e+08   0.05300015
  234  L     16 R       2   933.240091  0.000096 2a   0.0068860000   8.3e+08   0.05130933
  235  L     16 R       3   935.575500  0.000880 3    0.0065715300   8.3e+08   0.04883117
  236  L     16 R       4   938.729210  0.000890 3    0.0063780000   8.3e+08   0.04556605
  237  L     16 R       5   942.687870  0.000890 3    0.0062381800   8.2e+08   0.04159919
  238  L     16 R       6   947.433780  0.000900 3    0.0060929800   8.2e+08   0.03696031
  239  L     17 P       1   925.174530  0.000095 2a   0.0019672000   8.0e+08   0.05424593
  240  L     17 P       2   927.020019  0.000095 2b   0.0023275400   8.0e+08   0.05233481
  241  L     17 P       3   929.689572  0.000096 2b   0.0025082700   8.0e+08   0.04956415
  242  L     17 P       4   933.170500  0.000880 3    0.0027111000   8.0e+08   0.04598242
  243  L     17 P       5   937.442750  0.000880 3    0.0030829300   8.0e+08   0.04165374
  244  L     17 P       6   942.477360  0.000890 3    0.0040069100   8.1e+08   0.03665595
  245  L     17 P       7   956.993730  0.000920 3    0.0076999900   8.6e+08   0.03107800
  246  L     17 R       0   923.984626  0.000094 2a   0.0061667100   8.0e+08   0.05538162
  247  L     17 R       1   924.643257  0.000095 2a   0.0041614400   8.0e+08   0.05459732
  248  L     17 R       2   926.131930  0.000860 3    0.0037013000   8.0e+08   0.05293621
  249  L     17 R       3   928.437420  0.000870 3    0.0033031200   8.0e+08   0.05043924
  250  L     17 R       4   931.537200  0.000870 3    0.0025297600   8.1e+08   0.04716450
  251  L     17 R       5   935.323580  0.000880 3    0.0004555460   8.6e+08   0.04318584
  252  L     17 R       6   940.491580  0.000890 3    0.0099348000   8.3e+08   0.03859103
  253  L     18 P       1   918.413305  0.000093 2a   0.0016097700   7.8e+08   0.05535517
  254  L     18 P       2   920.243231  0.000094 2b   0.0016834700   7.8e+08   0.05345167
  255  L     18 P       3   922.894904  0.000094 2b   0.0016189400   7.8e+08   0.05068943
  256  L     18 P       4   926.354670  0.000095 2b   0.0015749700   7.7e+08   0.04712078
  257  L     18 P       5   930.605220  0.000870 3    0.0015838600   7.7e+08   0.04281575
  258  L     18 P       6   935.630980  0.000880 3    0.0016546400   7.7e+08   0.03786035
  259  L     18 P       7   950.123700  0.000910 3    0.0018009800   7.7e+08   0.03235406
  260  L     18 R       0   917.251984  0.000093 2a   0.0061755500   7.8e+08   0.05647264
  261  L     18 R       1   917.921885  0.000093 2a   0.0044295800   7.8e+08   0.05567990
  262  L     18 R       2   919.418156  0.000093 2a   0.0041676800   7.7e+08   0.05401546
  263  L     18 R       3   921.730160  0.000850 3    0.0040694600   7.7e+08   0.05152632
  264  L     18 R       4   924.848280  0.000860 3    0.0040013000   7.7e+08   0.04827866
  265  L     18 R       5   928.760100  0.000870 3    0.0039155700   7.7e+08   0.04435672
  266  L     18 R       6   933.444610  0.000880 3    0.0037590400   7.6e+08   0.03986101
  267  L     19 P       1   911.967200  0.000170 2a   0.0013162700   7.5e+08   0.05638629
  268  L     19 P       2   913.770140  0.000170 2a   0.0016140600   7.5e+08   0.05447034
  269  L     19 P       3   916.382930  0.000340 2a   0.0018245900   7.5e+08   0.05167878
  270  L     19 P       4   919.789990  0.000170 2b   0.0021347500   7.5e+08   0.04802474
  271  L     19 P       5   923.961650  0.000180 2b   0.0028671400   7.6e+08   0.04325677
  272  L     19 P       6   928.777930  0.000870 3    0.0056257000   8.4e+08   0.03450348
  273  L     19 P       7   943.547170  0.000900 3    0.0000047146   7.8e+08   0.03004227
  274  L     19 R       0   910.820730  0.000170 2a   0.0038654900   7.5e+08   0.05746684
  275  L     19 R       1   911.479500  0.000170 2a   0.0024848200   7.5e+08   0.05662896
  276  L     19 R       2   912.951070  0.000170 2a   0.0020152700   7.5e+08   0.05486433
  277  L     19 R       3   915.212260  0.000170 2a   0.0013489400   7.6e+08   0.05190177
  278  L     19 R       4   918.151710  0.000850 3    0.0000452743   8.4e+08   0.04488527
  279  L     19 R       5   922.475010  0.000860 3    0.0066670600   7.8e+08   0.04199436
  280  L     19 R       6   927.051570  0.000860 3    0.0049892300   7.5e+08   0.04030239
  281  W      0 P       2  1012.169460  0.000020 1    0.0087838700   1.2e+09  -0.00830958
  282  W      0 P       3  1014.504259  0.000005 1    0.0111050000   1.2e+09  -0.01056398
  283  W      0 P       4  1017.385588  0.000005 1    0.0122766000   1.2e+09  -0.01330997
  284  W      0 P       5  1020.799172  0.000006 1    0.0127454000   1.2e+09  -0.01647897
  285  W      0 P       6  1024.734540  0.000090 1    0.0119609000   1.2e+09  -0.01995118
  286  W      0 P       7  1039.773700  0.001100 3    0.0006339910   1.2e+09  -0.01356055
  287  W      0 Q       1  1009.770899  0.000006 1    0.0238007000   1.2e+09  -0.00595909
  288  W      0 Q       2  1010.938509  0.000008 1    0.0238098000   1.2e+09  -0.00709859
  289  W      0 Q       3  1012.679615  0.000006 1    0.0238304000   1.2e+09  -0.00878174
  290  W      0 Q       4  1014.982440  0.000030 1    0.0238617000   1.2e+09  -0.01097807
  291  W      0 Q       5  1017.831470  0.000030 1    0.0238871000   1.2e+09  -0.01364833
  292  W      0 Q       6  1021.209500  0.001100 3    0.0239051000   1.2e+09  -0.01674587
  293  W      0 Q       7  1035.426700  0.001100 3    0.0239457000   1.2e+09  -0.02021825
  294  W      0 R       0  1008.551920  0.000020 1    0.0153493000   1.2e+09  -0.00476718
  295  W      0 R       1  1008.498181  0.000005 1    0.0128722000   1.2e+09  -0.00471844
  296  W      0 R       2  1009.024969  0.000005 1    0.0116636000   1.2e+09  -0.00524664
  297  W      0 R       3  1010.130272  0.000006 1    0.0111813000   1.2e+09  -0.00631306
  298  W      0 R       4  1011.814490  0.000030 1    0.0118774000   1.2e+09  -0.00782388
  299  W      0 R       5  1014.242500  0.001100 3    0.0229175000   1.2e+09   0.00022003
  300  W      0 R       6  1016.743300  0.001100 3    0.0057007600   1.2e+09  -0.01232471
  301  W      1 P       2   989.088421  0.000009 1    0.0129261000   1.2e+09   0.00259876
  302  W      1 P       3   991.380493  0.000005 1    0.0159986000   1.2e+09   0.00039069
  303  W      1 P       4   994.229935  0.000006 1    0.0170007000   1.2e+09  -0.00228095
  304  W      1 P       5   997.641420  0.000070 1    0.0151938000   1.2e+09  -0.00470129
  305  W      1 P       6  1001.208696  0.000030 1    0.0305349000   1.1e+09   0.00337501
  306  W      1 P       7  1015.749700  0.001100 3    0.0270703000   1.2e+09  -0.01223158
  307  W      1 Q       1   986.798049  0.000008 1    0.0364673000   1.2e+09   0.00486880
  308  W      1 Q       2   987.974478  0.000009 1    0.0364958000   1.2e+09   0.00367586
  309  W      1 Q       3   989.729361  0.000003 1    0.0365227000   1.2e+09   0.00191129
  310  W      1 Q       4   992.051240  0.000030 1    0.0365615000   1.2e+09  -0.00039590
  311  W      1 Q       5   994.925430  0.000020 1    0.0366104000   1.2e+09  -0.00320842
  312  W      1 Q       6   998.335667  0.000013 1    0.0366674000   1.2e+09  -0.00648190
  313  W      1 Q       7  1012.134600  0.001100 3    0.0367154000   1.1e+09  -0.01016654
  314  W      1 R       0   985.633709  0.000009 1    0.0240614000   1.2e+09   0.00602255
  315  W      1 R       1   985.644316  0.000004 1    0.0207080000   1.2e+09   0.00604040
  316  W      1 R       2   986.244066  0.000006 1    0.0195224000   1.2e+09   0.00551177
  317  W      1 R       3   987.448680  0.000070 1    0.0207847000   1.2e+09   0.00511604
  318  W      1 R       4   988.871510  0.000040 1    0.0007409790   1.1e+09   0.01493980
  319  W      1 R       5   991.371720  0.000050 1    0.0094483300   1.2e+09   0.00122097
  320  W      1 R       6   994.260490  0.000990 3    0.0115345000   1.2e+09  -0.00231093
  321  W      2 P       2   968.295190  0.000060 1    0.0115224000   1.1e+09   0.01184321
  322  W      2 P       3   970.563360  0.000007 1    0.0130736000   1.1e+09   0.00992403
  323  W      2 P       4   973.452390  0.000020 1    0.0085524400   1.1e+09   0.01061912
  324  W      2 P       5   976.548790  0.000030 1    0.0257208000   1.1e+09   0.00841259
  325  W      2 P       6   980.502255  0.000025 1    0.0237470000   1.1e+09   0.00066493
  326  W      2 P       7   994.454100  0.000990 3    0.0227604000   1.1e+09  -0.00417212
  327  W      2 Q       1   966.096120  0.000007 1    0.0349812000   1.1e+09   0.01396322
  328  W      2 Q       2   967.281070  0.000030 1    0.0350109000   1.1e+09   0.01271847
  329  W      2 Q       3   969.049316  0.000010 1    0.0350406000   1.1e+09   0.01087504
  330  W      2 Q       4   971.389680  0.000020 1    0.0350968000   1.1e+09   0.00846055
  331  W      2 Q       5   974.288180  0.000020 1    0.0351643000   1.1e+09   0.00551054
  332  W      2 Q       6   977.727310  0.000090 1    0.0352410000   1.1e+09   0.00206724
  333  W      2 Q       7   991.163450  0.000990 3    0.0353107000   1.1e+09  -0.00182201
  334  W      2 R       0   964.983970  0.000060 1    0.0239558000   1.1e+09   0.01516367
  335  W      2 R       1   965.064884  0.000007 1    0.0219251000   1.1e+09   0.01540176
  336  W      2 R       2   965.795520  0.000020 1    0.0240472000   1.1e+09   0.01814876
  337  W      2 R       3   966.780380  0.000030 1    0.0061479200   1.1e+09   0.01789318
  338  W      2 R       4   968.666860  0.000080 1    0.0107236000   1.1e+09   0.01202620
  339  W      2 R       5   971.076250  0.000060 1    0.0121176000   1.1e+09   0.00889150
  340  W      2 R       6   974.052090  0.000950 3    0.0136709000   1.1e+09   0.00568077
  341  W      3 P       2   949.610450  0.000030 1    0.0014211400   1.0e+09   0.02782290
  342  W      3 P       3   951.671840  0.000010 1    0.0169938000   1.1e+09   0.02096940
  343  W      3 P       4   954.474000  0.000050 1    0.0167173000   1.1e+09   0.01552446
  344  W      3 P       5   957.818870  0.000030 1    0.0167029000   1.1e+09   0.01144081
  345  W      3 P       6   961.703550  0.000060 1    0.0165031000   1.1e+09   0.00722576
  346  W      3 P       7   975.302100  0.000960 3    0.0154503000   1.1e+09   0.00268414
  347  W      3 Q       1   947.421917  0.000003 1    0.0274384000   1.1e+09   0.02149264
  348  W      3 Q       2   948.615820  0.000180 1    0.0274671000   1.1e+09   0.02019735
  349  W      3 Q       3   950.397767  0.000018 1    0.0275027000   1.1e+09   0.01827700
  350  W      3 Q       4   952.757400  0.000060 1    0.0275578000   1.1e+09   0.01575800
  351  W      3 Q       5   955.680590  0.000920 3    0.0276314000   1.1e+09   0.01267422
  352  W      3 Q       6   959.151210  0.000160 1    0.0277083000   1.1e+09   0.00906590
  353  W      3 Q       7   972.271750  0.000950 3    0.0278011000   1.1e+09   0.00497811
  354  W      3 R       0   946.425560  0.000030 1    0.0216224000   1.0e+09   0.03102591
  355  W      3 R       1   946.384745  0.000009 1    0.0080744900   1.1e+09   0.02627974
  356  W      3 R       2   947.111650  0.000050 1    0.0099379500   1.1e+09   0.02287064
  357  W      3 R       3   948.419780  0.000030 1    0.0103723000   1.1e+09   0.02071173
  358  W      3 R       4   950.315190  0.000070 1    0.0107393000   1.1e+09   0.01829419
  359  W      3 R       5   952.804620  0.000910 3    0.0116602000   1.1e+09   0.01540740
  360  W      3 R       6   955.977490  0.000920 3    0.0147625000   1.0e+09   0.01208778
  361  W      4 P       2   932.604679  0.000096 2a   0.0076093200   1.1e+09   0.02569217
  362  W      4 P       3   934.790060  0.000110 2a   0.0095125600   1.1e+09   0.02349760
  363  W      4 P       4   937.551755  0.000097 2b   0.0103268000   1.1e+09   0.02058324
  364  W      4 P       5   940.882920  0.000110 2b   0.0105472000   1.1e+09   0.01703590
  365  W      4 P       6   944.783240  0.000900 3    0.0099469200   1.1e+09   0.01295017
  366  W      4 P       7   958.190020  0.000920 3    0.0061521000   1.0e+09   0.00836457
  367  W      4 Q       1   930.577079  0.000096 2a   0.0194219000   1.1e+09   0.02758111
  368  W      4 Q       2   931.780857  0.000096 2a   0.0194461000   1.1e+09   0.02623615
  369  W      4 Q       3   933.577940  0.000110 2a   0.0194820000   1.1e+09   0.02424031
  370  W      4 Q       4   935.959380  0.000880 3    0.0195421000   1.1e+09   0.02161881
  371  W      4 Q       5   938.909120  0.000890 3    0.0195995000   1.1e+09   0.01840400
  372  W      4 Q       6   942.415100  0.000890 3    0.0196795000   1.1e+09   0.01463426
  373  W      4 Q       7   955.262090  0.000920 3    0.0197683000   1.1e+09   0.01035250
  374  W      4 R       0   929.532719  0.000096 2a   0.0119405000   1.1e+09   0.02884502
  375  W      4 R       1   929.688358  0.000096 2a   0.0098417200   1.1e+09   0.02870046
  376  W      4 R       2   930.447184  0.000096 2a   0.0089832200   1.1e+09   0.02776182
  377  W      4 R       3   931.811700  0.000110 2a   0.0087458100   1.1e+09   0.02609047
  378  W      4 R       4   933.789790  0.000880 3    0.0091659000   1.1e+09   0.02375924
  379  W      4 R       5   936.466280  0.000880 3    0.0109825000   1.0e+09   0.02079095
  380  W      4 R       6   939.114180  0.000890 3    0.0026998200   1.0e+09   0.01730411
  381  W      5 P       2   917.369780  0.000850 3    0.0047005200   1.1e+09   0.03033591
  382  W      5 P       3   919.544440  0.000850 3    0.0058178400   1.1e+09   0.02806908
  383  W      5 P       4   922.306020  0.000860 3    0.0061911100   1.1e+09   0.02526343
  384  W      5 P       5   925.658590  0.000860 3    0.0058188400   1.1e+09   0.02227953
  385  W      5 P       6   929.697360  0.000870 3    0.0030196900   9.9e+08   0.02212683
  386  W      5 P       7   942.233610  0.000890 3    0.0095222800   1.0e+09   0.01669738
  387  W      5 Q       1   915.401070  0.000840 3    0.0130148000   1.1e+09   0.03231442
  388  W      5 Q       2   916.616940  0.000850 3    0.0130368000   1.1e+09   0.03092034
  389  W      5 Q       3   918.430920  0.000850 3    0.0130632000   1.1e+09   0.02884989
  390  W      5 Q       4   920.834030  0.000850 3    0.0131189000   1.1e+09   0.02612717
  391  W      5 Q       5   923.816540  0.000860 3    0.0131785000   1.1e+09   0.02278312
  392  W      5 Q       6   927.362620  0.000870 3    0.0132411000   1.1e+09   0.01885435
  393  W      5 Q       7   939.979200  0.000890 3    0.0133193000   1.1e+09   0.01438179
  394  W      5 R       0   914.397160  0.000840 3    0.0084648400   1.1e+09   0.03342239
  395  W      5 R       1   914.607370  0.000840 3    0.0072253700   1.1e+09   0.03316301
  396  W      5 R       2   915.429790  0.000840 3    0.0067776300   1.1e+09   0.03229127
  397  W      5 R       3   916.877180  0.000850 3    0.0069343300   1.1e+09   0.03113926
  398  W      5 R       4   919.050210  0.000850 3    0.0079108700   9.9e+08   0.03266013
  399  W      5 R       5   921.219420  0.000850 3    0.0021694400   1.0e+09   0.02881256
  400  W      5 R       6   924.497630  0.000860 3    0.0038309500   1.1e+09   0.02270836