L0-0R0    0  0  0  1 1108.12668 1.66e-03 1.86e+09 
L1-0R0    0  0  1  1 1092.19299 5.79e-03 1.74e+09 
L2-0R0    0  0  2  1 1077.13608 1.17e-02 1.63e+09 
L3-0R0    0  0  3  1 1062.87908 1.79e-02 1.53e+09 
L4-0R0    0  0  4  1 1049.36430 2.32e-02 1.45e+09 
L5-0R0    0  0  5  1 1036.54258 2.68e-02 1.35e+09 
L6-0R0    0  0  6  1 1024.37049 2.87e-02 1.26e+09 
L7-0R0    0  0  7  1 1012.80982 2.97e-02 9.82e+08 
L8-0R0    0  0  8  1 1001.82091 2.68e-02 8.09e+08 
L9-0R0    0  0  9  1  991.37602 2.61e-02 6.59e+08 
L10-0R0   0  0 10  1  981.43614 2.07e-02 6.32e+08 
L11-0R0   0  0 11  1  971.98449 2.01e-02 6.07e+08 
L12-0R0   0  0 12  1  962.97644 1.32e-02 4.71e+08 
L13-0R0   0  0 13  1  954.41158 1.42e-02 4.61e+08 
L14-0R0   0  0 14  1  946.16868 1.34e-03 6.37e+08 
L15-0R0   0  0 15  1  938.46662 9.51e-03 3.82e+08 
L16-0R0   0  0 16  1  931.06142 1.07e-02 3.76e+08 
L17-0R0   0  0 17  1  923.98385 6.18e-03 3.16e+08 
L18-0R0   0  0 18  1  917.25111 6.17e-03 3.03e+08 
L19-0R0   0  0 19  1  910.82064 3.88e-03 2.74e+08 
L20-0R0   0  0 20  1  904.70064 3.90e-03 2.63e+08 
L21-0R0   0  0 21  1  898.85459 2.25e-03 2.54e+08 
L22-0R0   0  0 22  1  893.29741 2.47e-03 2.37e+08 
L23-0R0   0  0 23  1  887.98196 7.84e-04 2.46e+08 
L24-0R0   0  0 24  1  882.95465 1.60e-03 2.07e+08 
L25-0R0   0  0 25  1  878.18595 3.28e-03 2.55e+08 
L26-0R0   0  0 26  1  873.60736 1.05e-03 1.75e+08 
L27-0R0   0  0 27  1  869.30669 1.29e-03 1.69e+08 
L28-0R0   0  0 28  1  865.23004 6.87e-04 1.49e+08 
L29-0R0   0  0 29  1  861.41845 7.88e-04 1.41e+08 
L30-0R0   0  0 30  1  857.85512 4.57e-04 1.28e+08 
L31-0R0   0  0 31  1  854.58910 5.19e-04 1.18e+08 
L32-0R0   0  0 32  1  851.63642 2.99e-04 1.03e+08 
L33-0R0   0  0 33  1  849.07879 3.27e-04 8.87e+07 
L34-0R0   0  0 34  1  847.00900 1.62e-04 6.63e+07 
L35-0R0   0  0 35  1  845.61304 1.14e-04 3.74e+07 
L36-0R0   0  0 36  1  845.03353 1.78e-04 1.51e+07 
L37-0R0   0  0 37  1  844.84648 5.59e-07 6.11e+06 
W0-0R0    0  0  0  1 1008.54988 4.40e-02 1.18e+09 
W1-0R0    0  0  1  1  985.62981 6.90e-02 1.16e+09 
W2-0R0    0  0  2  1  964.97936 6.87e-02 1.14e+09 
W3-0R0    0  0  3  1  946.42192 6.20e-02 9.03e+08 
W4-0R0    0  0  4  1  929.52992 3.42e-02 1.10e+09 
W5-0R0    0  0  5  1  914.39456 2.43e-02 1.09e+09 
W6-0R0    0  0  6  1  900.79678 1.65e-02 1.07e+09 
W7-0R0    0  0  7  1  888.64907 1.15e-02 1.05e+09 
W8-0R0    0  0  8  1  877.82409 4.75e-03 9.61e+08 
W9-0R0    0  0  9  1  868.40239 3.63e-03 9.89e+08 
W10-0R0   0  0 10  1  860.30815 2.68e-03 6.55e+08 
W11-0R0   0  0 11  1  853.60197 1.72e-03 6.20e+08 
W12-0R0   0  0 12  1  848.40151 1.11e-03 4.09e+08 
W13-0R0   0  0 13  1  844.95199 5.36e-04 2.09e+08 
L0-0P1    0  1  0  0 1110.06235 5.74e-04 1.87e+09 
L0-0R1    0  1  0  2 1108.63258 1.08e-03 1.86e+09 
L1-0P1    0  1  1  0 1094.05013 1.97e-03 1.74e+09 
L1-0R1    0  1  1  2 1092.73018 3.79e-03 1.73e+09 
L2-0P1    0  1  2  0 1078.92335 3.92e-03 1.63e+09 
L2-0R1    0  1  2  2 1077.69642 7.69e-03 1.62e+09 
L3-0P1    0  1  3  0 1064.60298 5.95e-03 1.53e+09 
L3-0R1    0  1  3  2 1063.45724 1.19e-02 1.53e+09 
L4-0P1    0  1  4  0 1051.03014 7.62e-03 1.45e+09 
L4-0R1    0  1  4  2 1049.95673 1.56e-02 1.44e+09 
L5-0P1    0  1  5  0 1038.15468 8.67e-03 1.35e+09 
L5-0R1    0  1  5  2 1037.14676 1.81e-02 1.34e+09 
L6-0P1    0  1  6  0 1025.93281 9.10e-03 1.26e+09 
L6-0R1    0  1  6  2 1024.98483 1.96e-02 1.25e+09 
L7-0P1    0  1  7  0 1014.32501 9.00e-03 9.81e+08 
L7-0R1    0  1  7  2 1013.43388 2.05e-02 9.86e+08 
L8-0P1    0  1  8  0 1003.29452 8.45e-03 8.22e+08 
L8-0R1    0  1  8  2 1002.44918 1.82e-02 7.83e+08 
L9-0P1    0  1  9  0  992.80810 7.68e-03 6.59e+08 
L9-0R1    0  1  9  2  992.01330 1.83e-02 6.58e+08 
L10-0P1   0  1 10  0  982.83382 6.81e-03 6.32e+08 
L10-0R1   0  1 10  2  982.07227 1.36e-02 6.32e+08 
L11-0P1   0  1 11  0  973.34400 5.92e-03 6.09e+08 
L11-0R1   0  1 11  2  972.63113 1.40e-02 6.02e+08 
L12-0P1   0  1 12  0  964.30993 5.02e-03 4.68e+08 
L12-0R1   0  1 12  2  963.60651 7.08e-03 4.83e+08 
L13-0P1   0  1 13  0  955.70773 4.23e-03 4.60e+08 
L13-0R1   0  1 13  2  955.06423 9.89e-03 4.63e+08 
L14-0P1   0  1 14  0  947.51434 3.52e-03 4.16e+08 
L14-0R1   0  1 14  2  946.97866 1.97e-02 5.11e+08 
L15-0P1   0  1 15  0  939.70743 2.91e-03 3.82e+08 
L15-0R1   0  1 15  2  939.12322 6.57e-03 3.83e+08 
L16-0P1   0  1 16  0  932.26707 2.40e-03 3.71e+08 
L16-0R1   0  1 16  2  931.73200 7.53e-03 3.79e+08 
L17-0P1   0  1 17  0  925.17465 1.97e-03 3.17e+08 
L17-0R1   0  1 17  2  924.64256 4.17e-03 3.17e+08 
L18-0P1   0  1 18  0  918.41364 1.61e-03 3.02e+08 
L18-0R1   0  1 18  2  917.92131 4.42e-03 3.06e+08 
L19-0P1   0  1 19  0  911.96775 1.32e-03 2.73e+08 
L19-0R1   0  1 19  2  911.47898 2.49e-03 2.77e+08 
L20-0P1   0  1 20  0  905.82254 1.08e-03 2.62e+08 
L20-0R1   0  1 20  2  905.37148 2.74e-03 2.65e+08 
L21-0P1   0  1 21  0  899.96445 8.78e-04 2.50e+08 
L21-0R1   0  1 21  2  899.50869 1.23e-03 2.65e+08 
L22-0P1   0  1 22  0  894.38238 7.20e-04 2.36e+08 
L22-0R1   0  1 22  2  893.97062 1.74e-03 2.37e+08 
L23-0P1   0  1 23  0  889.06591 5.89e-04 2.25e+08 
L23-0R1   0  1 23  2  888.58243 2.53e-06 3.98e+08 
L24-0P1   0  1 24  0  884.00525 4.84e-04 2.07e+08 
L24-0R1   0  1 24  2  883.62875 1.11e-03 2.06e+08 
L25-0P1   0  1 25  0  879.19431 3.98e-04 1.92e+08 
L25-0R1   0  1 25  2  878.87518 1.82e-03 2.37e+08 
L26-0P1   0  1 26  0  874.62741 3.28e-04 1.75e+08 
L26-0R1   0  1 26  2  874.28560 7.12e-04 1.75e+08 
L27-0P1   0  1 27  0  870.30308 2.70e-04 1.62e+08 
L27-0R1   0  1 27  2  869.99870 9.13e-04 1.73e+08 
L28-0P1   0  1 28  0  866.22160 2.22e-04 1.49e+08 
L28-0R1   0  1 28  2  865.91407 4.59e-04 1.51e+08 
L29-0P1   0  1 29  0  862.38939 1.84e-04 1.38e+08 
L29-0R1   0  1 29  2  862.11579 5.65e-04 1.43e+08 
L30-0P1   0  1 30  0  858.81878 1.51e-04 1.27e+08 
L30-0R1   0  1 30  2  858.54891 3.00e-04 1.29e+08 
L31-0P1   0  1 31  0  855.53372 1.24e-04 1.16e+08 
L31-0R1   0  1 31  2  855.29883 3.75e-04 1.21e+08 
L32-0P1   0  1 32  0  852.57161 9.88e-05 1.03e+08 
L32-0R1   0  1 32  2  852.34779 1.94e-04 1.04e+08 
L33-0P1   0  1 33  0  849.99465 7.62e-05 8.73e+07 
L33-0R1   0  1 33  2  849.81262 2.33e-04 8.98e+07 
L34-0P1   0  1 34  0  847.91104 5.39e-05 6.64e+07 
L34-0R1   0  1 34  2  847.76009 1.05e-04 6.66e+07 
L35-0P1   0  1 35  0  846.49205 3.09e-05 3.77e+07 
L35-0R1   0  1 35  2  846.40106 7.64e-05 3.67e+07 
L36-0P1   0  1 36  0  845.87770 1.54e-05 1.15e+07 
L36-0R1   0  1 36  2  845.85337 5.31e-05 1.25e+07 
L37-0P1   0  1 37  0  845.70101 3.75e-07 4.65e+06 
L37-0R1   0  1 37  2  845.68313 2.02e-05 1.82e+07 
W0-0Q1    0  1  0  1 1009.76911 2.38e-02 1.18e+09 
W1-0Q1    0  1  1  1  986.79452 3.65e-02 1.16e+09 
W2-0Q1    0  1  2  1  966.09210 3.50e-02 1.14e+09 
W3-0Q1    0  1  3  1  947.41891 2.75e-02 1.12e+09 
W4-0Q1    0  1  4  1  930.57492 1.95e-02 1.11e+09 
W5-0Q1    0  1  5  1  915.39917 1.31e-02 1.09e+09 
W6-0Q1    0  1  6  1  901.76635 8.50e-03 1.08e+09 
W7-0Q1    0  1  7  1  889.58007 5.48e-03 1.07e+09 
W8-0Q1    0  1  8  1  878.77370 3.54e-03 1.02e+09 
W9-0Q1    0  1  9  1  869.31168 2.13e-03 1.00e+09 
W10-0Q1   0  1 10  1  861.19626 1.49e-03 6.56e+08 
W11-0Q1   0  1 11  1  854.47424 9.50e-04 6.27e+08 
W12-0Q1   0  1 12  1  849.26137 5.83e-04 4.12e+08 
W13-0Q1   0  1 13  1  845.80315 2.83e-04 2.20e+08 
W0-0R1    0  1  0  2 1008.49608 2.05e-02 1.18e+09 
W1-0R1    0  1  1  2  985.64040 3.30e-02 1.16e+09 
W2-0R1    0  1  2  2  965.06010 3.49e-02 1.13e+09 
W3-0R1    0  1  3  2  946.38260 1.29e-02 1.03e+09 
W4-0R1    0  1  4  2  929.68573 1.57e-02 1.10e+09 
W5-0R1    0  1  5  2  914.60456 1.15e-02 1.08e+09 
W6-0R1    0  1  6  2  901.06252 8.20e-03 1.06e+09 
W7-0R1    0  1  7  2  889.01746 6.26e-03 8.91e+08 
W8-0R1    0  1  8  2  878.15487 2.33e-03 9.73e+08 
W9-0R1    0  1  9  2  868.78294 1.82e-03 9.80e+08 
W10-0R1   0  1 10  2  860.74268 1.25e-03 6.33e+08 
W11-0R1   0  1 11  2  854.09525 8.07e-04 6.00e+08 
W12-0R1   0  1 12  2  848.96605 5.28e-04 4.29e+08 
W13-0R1   0  1 13  2  845.61812 1.79e-04 2.23e+08 
L0-0P2    0  2  0  1 1112.49505 6.91e-04 1.86e+09 
L0-0R2    0  2  0  3 1110.11916 9.31e-04 1.85e+09 
L1-0P2    0  2  1  1 1096.43641 2.37e-03 1.74e+09 
L1-0R2    0  2  1  3 1094.24179 3.32e-03 1.73e+09 
L2-0P2    0  2  2  1 1081.26308 4.70e-03 1.63e+09 
L2-0R2    0  2  2  3 1079.22237 6.82e-03 1.62e+09 
L3-0P2    0  2  3  1 1066.89734 7.10e-03 1.53e+09 
L3-0R2    0  2  3  3 1064.99142 1.06e-02 1.53e+09 
L4-0P2    0  2  4  1 1053.28084 9.02e-03 1.45e+09 
L4-0R2    0  2  4  3 1051.49508 1.40e-02 1.44e+09 
L5-0P2    0  2  5  1 1040.36383 1.02e-02 1.35e+09 
L5-0R2    0  2  5  3 1038.68661 1.65e-02 1.33e+09 
L6-0P2    0  2  6  1 1028.10236 1.06e-02 1.26e+09 
L6-0R2    0  2  6  3 1026.52468 1.80e-02 1.23e+09 
L7-0P2    0  2  7  1 1016.45777 1.02e-02 9.82e+08 
L7-0R2    0  2  7  3 1014.97329 1.89e-02 9.94e+08 
L8-0P2    0  2  8  1 1005.39000 9.91e-03 8.09e+08 
L8-0R2    0  2  8  3 1003.98209 1.66e-02 7.46e+08 
L9-0P2    0  2  9  1  994.87094 8.66e-03 6.59e+08 
L9-0R2    0  2  9  3  993.54741 1.71e-02 6.53e+08 
L10-0P2   0  2 10  1  984.86121 8.18e-03 6.32e+08 
L10-0R2   0  2 10  3  983.58834 1.16e-02 6.30e+08 
L11-0P2   0  2 11  1  975.34380 6.64e-03 6.07e+08 
L11-0R2   0  2 11  3  974.15518 1.31e-02 5.85e+08 
L12-0P2   0  2 12  1  966.27367 6.50e-03 4.71e+08 
L12-0R2   0  2 12  3  965.04464 1.58e-03 5.70e+08 
L13-0P2   0  2 13  1  957.65031 4.81e-03 4.61e+08 
L13-0R2   0  2 13  3  956.57851 9.22e-03 4.63e+08 
L14-0P2   0  2 14  1  949.35162 9.32e-03 6.37e+08 
L14-0R2   0  2 14  3  948.46919 1.30e-02 4.55e+08 
L15-0P2   0  2 15  1  941.59786 3.37e-03 3.82e+08 
L15-0R2   0  2 15  3  940.62537 6.04e-03 3.85e+08 
L16-0P2   0  2 16  1  934.14336 2.24e-03 3.76e+08 
L16-0R2   0  2 16  3  933.23845 6.89e-03 3.80e+08 
L17-0P2   0  2 17  1  927.01904 2.33e-03 3.16e+08 
L17-0R2   0  2 17  3  926.13130 3.71e-03 3.19e+08 
L18-0P2   0  2 18  1  920.24215 1.68e-03 3.03e+08 
L18-0R2   0  2 18  3  919.41722 4.17e-03 3.09e+08 
L19-0P2   0  2 19  1  913.76983 1.61e-03 2.74e+08 
L19-0R2   0  2 19  3  912.95062 2.01e-03 2.87e+08 
L20-0P2   0  2 20  1  907.61027 1.19e-03 2.63e+08 
L20-0R2   0  2 20  3  906.85716 2.59e-03 2.68e+08 
L21-0P2   0  2 21  1  901.72667 1.16e-03 2.54e+08 
L21-0R2   0  2 21  3  900.94270 5.62e-04 3.11e+08 
L22-0P2   0  2 22  1  896.13403 8.09e-04 2.37e+08 
L22-0R2   0  2 22  3  895.44634 1.62e-03 2.38e+08 
L23-0P2   0  2 23  1  890.78488 9.64e-04 2.46e+08 
L23-0R2   0  2 23  3  890.28050 3.76e-03 4.22e+08 
L24-0P2   0  2 24  1  885.72586 5.57e-04 2.07e+08 
L24-0R2   0  2 24  3  885.09792 1.02e-03 2.06e+08 
L25-0P2   0  2 25  1  880.92726 1.67e-04 2.55e+08 
L25-0R2   0  2 25  3  880.34795 1.46e-03 2.22e+08 
L26-0P2   0  2 26  1  876.32012 3.85e-04 1.75e+08 
L26-0R2   0  2 26  3  875.74992 6.37e-04 1.75e+08 
L27-0P2   0  2 27  1  871.99277 2.39e-04 1.69e+08 
L27-0R2   0  2 27  3  871.47374 8.29e-04 1.75e+08 
L28-0P2   0  2 28  1  867.89094 2.66e-04 1.49e+08 
L28-0R2   0  2 28  3  867.37754 4.00e-04 1.57e+08 
L29-0P2   0  2 29  1  864.05592 1.79e-04 1.41e+08 
L29-0R2   0  2 29  3  863.59328 5.24e-04 1.47e+08 
L30-0P2   0  2 30  1  860.47079 1.82e-04 1.28e+08 
L30-0R2   0  2 30  3  860.01938 2.55e-04 1.34e+08 
L31-0P2   0  2 31  1  857.18486 1.22e-04 1.18e+08 
L31-0R2   0  2 31  3  856.78900 3.41e-04 1.20e+08 
L32-0P2   0  2 32  1  854.21424 1.19e-04 1.03e+08 
L32-0R2   0  2 32  3  853.84154 1.65e-04 1.05e+08 
L33-0P2   0  2 33  1  851.64113 7.37e-05 8.87e+07 
L33-0R2   0  2 33  3  851.33590 2.13e-04 9.00e+07 
L34-0P2   0  2 34  1  849.55885 6.49e-05 6.63e+07 
L34-0R2   0  2 34  3  849.30847 8.55e-05 6.76e+07 
L35-0P2   0  2 35  1  848.15448 3.18e-05 3.74e+07 
L35-0R2   0  2 35  3  848.00704 6.55e-05 3.52e+07 
L36-0P2   0  2 36  1  847.57147 2.83e-05 1.51e+07 
L36-0R2   0  2 36  3  847.50898 2.82e-05 1.06e+07 
L37-0P2   0  2 37  1  847.38330 1.96e-06 6.11e+06 
L37-0R2   0  2 37  3  847.35027 2.22e-06 6.39e+06 
W0-0Q2    0  2  0  2 1010.93631 2.37e-02 1.18e+09 
W1-0Q2    0  2  1  2  987.97067 3.64e-02 1.16e+09 
W2-0Q2    0  2  2  2  967.27674 3.51e-02 1.14e+09 
W3-0Q2    0  2  3  2  948.61261 2.75e-02 1.12e+09 
W4-0Q2    0  2  4  2  931.77836 1.94e-02 1.10e+09 
W5-0Q2    0  2  5  2  916.61389 1.31e-02 1.09e+09 
W6-0Q2    0  2  6  2  902.99438 8.51e-03 1.08e+09 
W7-0Q2    0  2  7  2  890.82439 5.50e-03 1.07e+09 
W8-0Q2    0  2  8  2  880.03805 3.55e-03 1.02e+09 
W9-0Q2    0  2  9  2  870.60108 2.30e-03 1.00e+09 
W10-0Q2   0  2 10  2  862.51785 1.49e-03 6.33e+08 
W11-0Q2   0  2 11  2  855.83802 9.53e-04 6.19e+08 
W12-0Q2   0  2 12  2  850.68294 5.80e-04 4.39e+08 
W13-0Q2   0  2 13  2  847.31380 2.73e-04 2.47e+08 
W0-0P2    0  2  0  1 1012.16716 5.51e-03 1.18e+09 
W0-0R2    0  2  0  3 1009.02217 1.56e-02 1.18e+09 
W1-0P2    0  2  1  1  989.08427 8.10e-03 1.16e+09 
W1-0R2    0  2  1  3  986.23949 2.61e-02 1.15e+09 
W2-0P2    0  2  2  1  968.29033 7.23e-03 1.14e+09 
W2-0R2    0  2  2  3  965.78979 3.23e-02 1.04e+09 
W3-0P2    0  2  3  1  949.60656 8.92e-04 9.03e+08 
W3-0R2    0  2  3  3  947.10889 1.33e-02 1.09e+09 
W4-0P2    0  2  4  1  932.60171 4.77e-03 1.10e+09 
W4-0R2    0  2  4  3  930.44427 1.20e-02 1.09e+09 
W5-0P2    0  2  5  1  917.36698 2.95e-03 1.09e+09 
W5-0R2    0  2  5  3  915.42591 9.09e-03 1.07e+09 
W6-0P2    0  2  6  1  903.68131 1.79e-03 1.07e+09 
W6-0R2    0  2  6  3  901.96831 6.97e-03 1.01e+09 
W7-0P2    0  2  7  1  891.45620 9.36e-04 1.05e+09 
W7-0R2    0  2  7  3  889.70932 1.29e-03 8.66e+08 
W8-0P2    0  2  8  1  880.56314 1.07e-03 9.61e+08 
W8-0R2    0  2  8  3  879.12505 1.91e-03 9.80e+08 
W9-0P2    0  2  9  1  871.08287 5.24e-04 9.89e+08 
W9-0R2    0  2  9  3  869.81262 1.42e-03 9.63e+08 
W10-0P2   0  2 10  1  862.93882 3.53e-04 6.55e+08 
W10-0R2   0  2 10  3  861.84266 9.79e-04 6.08e+08 
W11-0P2   0  2 11  1  856.19173 2.24e-04 6.20e+08 
W11-0R2   0  2 11  3  855.27601 6.33e-04 5.54e+08 
W12-0P2   0  2 12  1  850.95976 1.25e-04 4.09e+08 
W12-0R2   0  2 12  3  850.24947 4.17e-04 4.44e+08 
W13-0P2   0  2 13  1  847.48944 5.30e-05 2.09e+08 
L0-0P3    0  3  0  2 1115.89495 7.39e-04 1.86e+09 
L0-0R3    0  3  0  4 1112.58269 8.47e-04 1.84e+09 
L1-0P3    0  3  1  2 1099.78504 2.53e-03 1.73e+09 
L1-0R3    0  3  1  4 1096.72284 3.06e-03 1.72e+09 
L2-0P3    0  3  2  2 1084.55788 5.01e-03 1.62e+09 
L2-0R3    0  3  2  4 1081.70847 6.36e-03 1.61e+09 
L3-0P3    0  3  3  2 1070.13802 7.54e-03 1.53e+09 
L3-0R3    0  3  3  4 1067.47556 1.00e-02 1.52e+09 
L4-0P3    0  3  4  2 1056.46845 9.56e-03 1.44e+09 
L4-0R3    0  3  4  4 1053.97290 1.34e-02 1.43e+09 
L5-0P3    0  3  5  2 1043.50007 1.08e-02 1.34e+09 
L5-0R3    0  3  5  4 1041.15563 1.58e-02 1.33e+09 
L6-0P3    0  3  6  2 1031.18957 1.11e-02 1.25e+09 
L6-0R3    0  3  6  4 1028.98337 1.74e-02 1.18e+09 
L7-0P3    0  3  7  2 1019.49914 1.05e-02 9.86e+08 
L7-0R3    0  3  7  4 1017.42099 1.84e-02 9.93e+08 
L8-0P3    0  3  8  2 1008.38330 1.04e-02 7.83e+08 
L8-0R3    0  3  8  4 1006.41124 1.57e-02 7.04e+08 
L9-0P3    0  3  9  2  997.82414 8.76e-03 6.58e+08 
L9-0R3    0  3  9  4  995.96971 1.67e-02 6.38e+08 
L10-0P3   0  3 10  2  987.76690 8.93e-03 6.32e+08 
L10-0R3   0  3 10  4  985.96129 8.28e-03 6.38e+08 
L11-0P3   0  3 11  2  978.21649 6.73e-03 6.02e+08 
L11-0R3   0  3 11  4  976.55048 1.29e-02 5.33e+08 
L12-0P3   0  3 12  2  969.08841 8.16e-03 4.83e+08 
L12-0R3   0  3 12  4  967.67332 2.27e-02 5.64e+08 
L13-0P3   0  3 13  2  960.44909 4.93e-03 4.63e+08 
L13-0R3   0  3 13  4  958.94507 8.97e-03 4.46e+08 
L14-0P3   0  3 14  2  952.27248 6.57e-04 5.11e+08 
L14-0R3   0  3 14  4  950.81745 1.09e-02 4.21e+08 
L15-0P3   0  3 15  2  944.32933 3.52e-03 3.83e+08 
L15-0R3   0  3 15  4  942.96335 5.74e-03 3.82e+08 
L16-0P3   0  3 16  2  936.85626 2.05e-03 3.79e+08 
L16-0R3   0  3 16  4  935.57482 6.58e-03 3.58e+08 
L17-0P3   0  3 17  2  929.68893 2.51e-03 3.17e+08 
L17-0R3   0  3 17  4  928.43821 3.31e-03 3.21e+08 
L18-0P3   0  3 18  2  922.89439 1.62e-03 3.06e+08 
L18-0R3   0  3 18  4  921.73069 4.08e-03 3.00e+08 
L19-0P3   0  3 19  2  916.38231 1.83e-03 2.77e+08 
L19-0R3   0  3 19  4  915.21235 1.35e-03 3.09e+08 
L20-0P3   0  3 20  2  910.20914 1.17e-03 2.65e+08 
L20-0R3   0  3 20  4  909.14909 2.53e-03 2.67e+08 
L21-0P3   0  3 21  2  904.28374 1.45e-03 2.65e+08 
L21-0R3   0  3 21  4  903.00825 1.65e-04 6.16e+08 
L22-0P3   0  3 22  2  898.68689 8.27e-04 2.37e+08 
L22-0R3   0  3 22  4  897.71958 1.57e-03 2.38e+08 
L23-0P3   0  3 23  2  893.24187 1.83e-03 3.98e+08 
L23-0R3   0  3 23  4  892.49568 2.47e-03 2.78e+08 
L24-0P3   0  3 24  2  888.23625 5.84e-04 2.06e+08 
L24-0R3   0  3 24  4  887.35349 9.59e-04 2.07e+08 
L25-0P3   0  3 25  2  883.43312 1.76e-04 2.37e+08 
L25-0R3   0  3 25  4  882.60428 1.29e-03 2.06e+08 
L26-0P3   0  3 26  2  878.79594 4.14e-04 1.75e+08 
L26-0R3   0  3 26  4  877.99118 5.77e-04 1.80e+08 
L27-0P3   0  3 27  2  874.46481 2.13e-04 1.73e+08 
L27-0R3   0  3 27  4  873.72521 7.84e-04 1.68e+08 
L28-0P3   0  3 28  2  870.33823 2.92e-04 1.51e+08 
L28-0R3   0  3 28  4  869.61165 3.37e-04 1.66e+08 
L29-0P3   0  3 29  2  866.50112 1.65e-04 1.43e+08 
L29-0R3   0  3 29  4  865.84539 5.03e-04 1.47e+08 
L30-0P3   0  3 30  2  862.89794 2.03e-04 1.29e+08 
L30-0R3   0  3 30  4  862.25732 2.02e-04 1.36e+08 
L31-0P3   0  3 31  2  859.61491 1.14e-04 1.21e+08 
L31-0R3   0  3 31  4  859.05443 3.29e-04 1.20e+08 
L32-0P3   0  3 32  2  856.63407 1.34e-04 1.04e+08 
L32-0R3   0  3 32  4  856.10677 1.27e-04 1.11e+08 
L33-0P3   0  3 33  2  854.07337 6.83e-05 8.98e+07 
L33-0R3   0  3 33  4  853.64394 1.99e-04 8.78e+07 
L34-0P3   0  3 34  2  852.00023 7.26e-05 6.66e+07 
L34-0R3   0  3 34  4  851.64831 6.33e-05 7.16e+07 
L35-0P3   0  3 35  2  850.62758 3.01e-05 3.67e+07 
L35-0R3   0  3 35  4  850.43010 5.59e-05 3.06e+07 
L36-0P3   0  3 36  2  850.07442 1.27e-05 1.25e+07 
L36-0R3   0  3 36  4  849.99638 1.78e-05 8.11e+06 
L37-0P3   0  3 37  2  849.90247 2.35e-06 1.82e+07 
L37-0R3   0  3 37  4  849.84685 6.17e-06 5.34e+06 
W0-0Q3    0  3  0  3 1012.67781 2.38e-02 1.18e+09 
W1-0Q3    0  3  1  3  989.72585 3.66e-02 1.16e+09 
W2-0Q3    0  3  2  3  969.04540 3.51e-02 1.14e+09 
W3-0Q3    0  3  3  3  950.39508 2.75e-02 1.12e+09 
W4-0Q3    0  3  4  3  933.57580 1.95e-02 1.10e+09 
W5-0Q3    0  3  5  3  918.42874 1.30e-02 1.09e+09 
W6-0Q3    0  3  6  3  904.82965 8.54e-03 1.08e+09 
W7-0Q3    0  3  7  3  892.68450 5.52e-03 1.07e+09 
W8-0Q3    0  3  8  3  881.92871 3.57e-03 1.01e+09 
W9-0Q3    0  3  9  3  872.52992 2.31e-03 9.96e+08 
W10-0Q3   0  3 10  3  864.49581 1.50e-03 6.02e+08 
W11-0Q3   0  3 11  3  857.88059 9.55e-04 5.91e+08 
W12-0Q3   0  3 12  3  852.81446 5.77e-04 4.75e+08 
W0-0P3    0  3  0  2 1014.50221 8.28e-03 1.18e+09 
W0-0R3    0  3  0  4 1010.12754 1.38e-02 1.17e+09 
W1-0P3    0  3  1  2  991.37661 1.19e-02 1.16e+09 
W1-0R3    0  3  1  4  987.44386 2.57e-02 1.13e+09 
W2-0P3    0  3  2  2  970.55859 9.74e-03 1.13e+09 
W2-0R3    0  3  2  4  966.77812 7.58e-03 1.03e+09 
W3-0P3    0  3  3  2  951.66974 1.27e-02 1.03e+09 
W3-0R3    0  3  3  4  948.41702 1.28e-02 1.10e+09 
W4-0P3    0  3  4  2  934.78745 7.09e-03 1.10e+09 
W4-0R3    0  3  4  4  931.80883 1.08e-02 1.08e+09 
W5-0P3    0  3  5  2  919.54167 4.34e-03 1.08e+09 
W5-0R3    0  3  5  4  916.87451 8.56e-03 1.04e+09 
W6-0P3    0  3  6  2  905.85413 2.50e-03 1.06e+09 
W6-0R3    0  3  6  4  903.65681 6.60e-03 7.00e+08 
W7-0P3    0  3  7  2  893.68148 6.97e-04 8.91e+08 
W7-0R3    0  3  7  4  891.29801 2.10e-03 9.95e+08 
W8-0P3    0  3  8  2  882.70532 1.45e-03 9.73e+08 
W8-0R3    0  3  8  4  880.73291 1.79e-03 9.77e+08 
W9-0P3    0  3  9  2  873.23653 8.41e-04 9.80e+08 
W9-0R3    0  3  9  4  871.49607 1.31e-03 9.14e+08 
W10-0P3   0  3 10  2  865.11402 5.21e-04 6.33e+08 
W10-0R3   0  3 10  4  863.61506 9.09e-04 5.90e+08 
W11-0P3   0  3 11  2  858.39916 3.30e-04 6.00e+08 
W11-0R3   0  3 11  4  857.15187 5.89e-04 4.20e+08 
W12-0P3   0  3 12  2  853.21830 1.81e-04 4.29e+08 
W12-0R3   0  3 12  4  852.26222 3.91e-04 3.45e+08 
W13-0P3   0  3 13  2  849.83681 9.44e-05 2.23e+08 
L0-0P4    0  4  0  3 1120.24748 7.57e-04 1.85e+09 
L0-0R4    0  4  0  5 1116.01239 7.78e-04 1.83e+09 
L1-0P4    0  4  1  3 1104.08118 2.60e-03 1.73e+09 
L1-0R4    0  4  1  5 1100.16121 2.86e-03 1.71e+09 
L2-0P4    0  4  2  3 1088.79232 5.16e-03 1.62e+09 
L2-0R4    0  4  2  5 1085.14221 6.04e-03 1.60e+09 
L3-0P4    0  4  3  3 1074.30956 7.74e-03 1.53e+09 
L3-0R4    0  4  3  5 1070.89657 9.62e-03 1.51e+09 
L4-0P4    0  4  4  3 1060.57754 9.80e-03 1.44e+09 
L4-0R4    0  4  4  5 1057.37698 1.29e-02 1.42e+09 
L5-0P4    0  4  5  3 1047.54821 1.10e-02 1.33e+09 
L5-0R4    0  4  5  5 1044.54024 1.55e-02 1.32e+09 
L6-0P4    0  4  6  3 1035.17911 1.13e-02 1.23e+09 
L6-0R4    0  4  6  5 1032.34715 1.71e-02 1.15e+09 
L7-0P4    0  4  7  3 1023.43324 1.05e-02 9.94e+08 
L7-0R4    0  4  7  5 1020.76335 1.81e-02 9.84e+08 
L8-0P4    0  4  8  3 1012.25906 1.08e-02 7.46e+08 
L8-0R4    0  4  8  5 1009.71528 1.41e-02 6.97e+08 
L9-0P4    0  4  9  3 1001.65253 8.69e-03 6.53e+08 
L9-0R4    0  4  9  5  999.26734 1.66e-02 6.36e+08 
L10-0P4   0  4 10  3  991.53113 9.92e-03 6.30e+08 
L10-0R4   0  4 10  5  989.55211 3.10e-02 8.13e+08 
L11-0P4   0  4 11  3  981.94575 6.71e-03 5.85e+08 
L11-0R4   0  4 11  5  979.80312 1.28e-02 5.20e+08 
L12-0P4   0  4 12  3  972.68960 1.36e-02 5.70e+08 
L12-0R4   0  4 12  5  970.83495 1.60e-02 4.84e+08 
L13-0P4   0  4 13  3  964.08941 4.99e-03 4.63e+08 
L13-0R4   0  4 13  5  962.15165 8.75e-03 4.48e+08 
L14-0P4   0  4 14  3  955.85279 1.69e-03 4.55e+08 
L14-0R4   0  4 14  5  954.00258 1.01e-02 4.15e+08 
L15-0P4   0  4 15  3  947.88689 3.66e-03 3.85e+08 
L15-0R4   0  4 15  5  946.12195 5.33e-03 3.86e+08 
L16-0P4   0  4 16  3  940.38593 1.99e-03 3.80e+08 
L16-0R4   0  4 16  5  938.72809 6.38e-03 3.55e+08 
L17-0P4   0  4 17  3  933.16992 2.71e-03 3.19e+08 
L17-0R4   0  4 17  5  931.53740 2.53e-03 3.39e+08 
L18-0P4   0  4 18  3  926.35376 1.57e-03 3.09e+08 
L18-0R4   0  4 18  5  924.84933 4.00e-03 3.02e+08 
L19-0P4   0  4 19  3  919.78957 2.13e-03 2.87e+08 
L19-0R4   0  4 19  5  918.15038 4.53e-05 4.92e+08 
L20-0P4   0  4 20  3  913.60478 1.16e-03 2.68e+08 
L20-0R4   0  4 20  5  912.23464 2.47e-03 2.70e+08 
L21-0P4   0  4 21  3  907.60228 2.12e-03 3.11e+08 
L21-0R4   0  4 21  5  906.50802 4.17e-03 3.39e+08 
L22-0P4   0  4 22  3  902.02461 8.43e-04 2.38e+08 
L22-0R4   0  4 22  5  900.77414 1.50e-03 2.40e+08 
L23-0P4   0  4 23  3  896.78281 8.99e-09 4.22e+08 
L23-0R4   0  4 23  5  895.52838 2.06e-03 2.46e+08 
L24-0P4   0  4 24  3  891.52447 6.12e-04 2.06e+08 
L24-0R4   0  4 24  5  890.37982 8.73e-04 2.10e+08 
L25-0P4   0  4 25  3  886.70547 2.11e-04 2.22e+08 
L25-0R4   0  4 25  5  885.63275 1.20e-03 2.00e+08 
L26-0P4   0  4 26  3  882.04096 4.46e-04 1.75e+08 
L26-0R4   0  4 26  5  880.99191 4.71e-04 1.95e+08 
L27-0P4   0  4 27  3  877.70328 2.08e-04 1.75e+08 
L27-0R4   0  4 27  5  876.74369 7.52e-04 1.67e+08 
L28-0P4   0  4 28  3  873.54845 3.25e-04 1.57e+08 
L28-0R4   0  4 28  5  872.59030 2.20e-04 1.98e+08 
L29-0P4   0  4 29  3  869.71027 1.61e-04 1.47e+08 
L29-0R4   0  4 29  5  868.86091 4.86e-04 1.49e+08 
L30-0P4   0  4 30  3  866.08566 2.31e-04 1.34e+08 
L30-0R4   0  4 30  5  865.23064 9.41e-05 1.61e+08 
L31-0P4   0  4 31  3  862.80964 1.09e-04 1.20e+08 
L31-0R4   0  4 31  5  862.08591 3.16e-04 1.20e+08 
L32-0P4   0  4 32  3  859.82068 1.50e-04 1.05e+08 
L32-0R4   0  4 32  5  859.11450 4.86e-05 1.43e+08 
L33-0P4   0  4 33  3  857.27987 6.70e-05 9.00e+07 
L33-0R4   0  4 33  5  856.72903 1.90e-04 8.61e+07 
L34-0P4   0  4 34  3  855.22408 8.45e-05 6.76e+07 
L34-0R4   0  4 34  5  854.74162 1.98e-08 1.45e+08 
L35-0P4   0  4 35  3  853.90446 2.91e-05 3.52e+07 
L35-0R4   0  4 35  5  853.66755 4.41e-05 2.70e+07 
L36-0P4   0  4 36  3  853.39946 8.38e-06 1.06e+07 
L36-0R4   0  4 36  5  853.30843 1.06e-05 6.71e+06 
L37-0P4   0  4 37  3  853.23854 9.76e-08 6.39e+06 
W0-0Q4    0  4  0  4 1014.98019 2.39e-02 1.17e+09 
W1-0Q4    0  4  1  4  992.04735 3.66e-02 1.15e+09 
W2-0Q4    0  4  2  4  971.38541 3.51e-02 1.13e+09 
W3-0Q4    0  4  3  4  952.75434 2.76e-02 1.12e+09 
W4-0Q4    0  4  4  4  935.95591 1.96e-02 1.10e+09 
W5-0Q4    0  4  5  4  920.83278 1.31e-02 1.09e+09 
W6-0Q4    0  4  6  4  907.26179 8.58e-03 1.08e+09 
W7-0Q4    0  4  7  4  895.15065 5.55e-03 1.06e+09 
W8-0Q4    0  4  8  4  884.43667 3.59e-03 1.01e+09 
W9-0Q4    0  4  9  4  875.09023 2.33e-03 9.77e+08 
W10-0Q4   0  4 10  4  867.12332 1.51e-03 5.74e+08 
W11-0Q4   0  4 11  4  860.59660 9.58e-04 5.10e+08 
W12-0Q4   0  4 12  4  855.65341 5.71e-04 4.91e+08 
W0-0P4    0  4  0  3 1017.38280 9.95e-03 1.18e+09 
W0-0R4    0  4  0  5 1011.81046 1.40e-02 1.17e+09 
W1-0P4    0  4  1  3  994.22534 1.38e-02 1.15e+09 
W1-0R4    0  4  1  5  988.86987 8.71e-04 9.53e+08 
W2-0P4    0  4  2  3  973.44662 6.93e-03 1.04e+09 
W2-0R4    0  4  2  5  968.66270 1.26e-02 1.11e+09 
W3-0P4    0  4  3  3  954.47124 1.36e-02 1.09e+09 
W3-0R4    0  4  3  5  950.31208 1.26e-02 1.10e+09 
W4-0P4    0  4  4  3  937.54884 8.36e-03 1.09e+09 
W4-0R4    0  4  4  5  933.78642 1.08e-02 1.06e+09 
W5-0P4    0  4  5  3  922.30213 5.02e-03 1.07e+09 
W5-0R4    0  4  5  5  919.04703 9.30e-03 8.60e+08 
W6-0P4    0  4  6  3  908.64311 2.45e-03 1.01e+09 
W6-0R4    0  4  6  5  905.31042 2.25e-03 9.72e+08 
W7-0P4    0  4  7  3  896.20326 2.90e-03 8.66e+08 
W7-0R4    0  4  7  5  893.47252 2.36e-03 1.02e+09 
W8-0P4    0  4  8  3  885.46486 1.65e-03 9.80e+08 
W8-0R4    0  4  8  5  882.97975 1.83e-03 9.61e+08 
W9-0P4    0  4  9  3  876.01835 9.75e-04 9.63e+08 
W9-0R4    0  4  9  5  873.84363 1.35e-03 8.50e+08 
W10-0P4   0  4 10  3  867.93478 6.07e-04 6.08e+08 
W10-0R4   0  4 10  5  866.07876 9.63e-04 5.60e+08 
W11-0P4   0  4 11  3  861.27533 3.82e-04 5.54e+08 
W11-0R4   0  4 11  5  859.74351 6.30e-04 3.58e+08 
W12-0P4   0  4 12  3  856.17824 2.03e-04 4.44e+08 
W12-0R4   0  4 12  5  855.04251 3.93e-04 2.98e+08 
L0-0P5    0  5  0  4 1125.53940 7.58e-04 1.84e+09 
L0-0R5    0  5  0  6 1120.39822 7.16e-04 1.82e+09 
L1-0P5    0  5  1  4 1109.31070 2.61e-03 1.72e+09 
L1-0R5    0  5  1  6 1104.54557 2.68e-03 1.70e+09 
L2-0P5    0  5  2  4 1093.95211 5.21e-03 1.61e+09 
L2-0R5    0  5  2  6 1089.51060 5.74e-03 1.59e+09 
L3-0P5    0  5  3  4 1079.39734 7.83e-03 1.52e+09 
L3-0R5    0  5  3  6 1075.24153 9.28e-03 1.50e+09 
L4-0P5    0  5  4  4 1065.59334 9.90e-03 1.43e+09 
L4-0R5    0  5  4  6 1061.69398 1.26e-02 1.41e+09 
L5-0P5    0  5  5  4 1052.49365 1.11e-02 1.33e+09 
L5-0R5    0  5  5  6 1048.82688 1.52e-02 1.31e+09 
L6-0P5    0  5  6  4 1040.05642 1.13e-02 1.18e+09 
L6-0R5    0  5  6  6 1036.60243 1.70e-02 1.11e+09 
L7-0P5    0  5  7  4 1028.24528 1.05e-02 9.93e+08 
L7-0R5    0  5  7  6 1024.98672 1.80e-02 9.52e+08 
L8-0P5    0  5  8  4 1017.00131 1.12e-02 7.04e+08 
L8-0R5    0  5  8  6 1013.70643 1.16e-03 8.90e+08 
L9-0P5    0  5  9  4 1006.34004 8.63e-03 6.38e+08 
L9-0R5    0  5  9  6 1003.42580 1.65e-02 6.30e+08 
L10-0P5   0  5 10  4  996.12319 1.28e-02 6.38e+08 
L10-0R5   0  5 10  6  993.48976 2.01e-02 6.23e+08 
L11-0P5   0  5 11  4  986.51834 6.72e-03 5.33e+08 
L11-0R5   0  5 11  6  983.89666 1.26e-02 4.82e+08 
L12-0P5   0  5 12  4  977.45987 3.64e-04 5.64e+08 
L12-0R5   0  5 12  6  974.88416 1.42e-02 4.66e+08 
L13-0P5   0  5 13  4  968.55499 5.10e-03 4.46e+08 
L13-0R5   0  5 13  6  966.17900 8.32e-03 4.36e+08 
L14-0P5   0  5 14  4  960.26436 2.24e-03 4.21e+08 
L14-0R5   0  5 14  6  958.01050 9.61e-03 3.95e+08 
L15-0P5   0  5 15  4  952.25408 3.88e-03 3.82e+08 
L15-0R5   0  5 15  6  950.07372 4.37e-03 3.94e+08 
L16-0P5   0  5 16  4  944.71981 2.04e-03 3.58e+08 
L16-0R5   0  5 16  6  942.68663 6.24e-03 3.34e+08 
L17-0P5   0  5 17  4  937.44355 3.08e-03 3.21e+08 
L17-0R5   0  5 17  6  935.32429 4.56e-04 4.70e+08 
L18-0P5   0  5 18  4  930.60575 1.58e-03 3.00e+08 
L18-0R5   0  5 18  6  928.76045 3.91e-03 2.93e+08 
L19-0P5   0  5 19  4  923.96174 2.87e-03 3.09e+08 
L19-0R5   0  5 19  6  922.47272 6.66e-03 3.90e+08 
L20-0P5   0  5 20  4  917.78239 1.19e-03 2.67e+08 
L20-0R5   0  5 20  6  916.09999 2.38e-03 2.69e+08 
L21-0P5   0  5 21  4  911.52476 4.30e-03 6.16e+08 
L21-0R5   0  5 21  6  910.31247 3.24e-03 2.74e+08 
L22-0P5   0  5 22  4  906.13616 8.85e-04 2.38e+08 
L22-0R5   0  5 22  6  904.59434 1.36e-03 2.45e+08 
L23-0P5   0  5 23  4  900.81415 1.51e-04 2.78e+08 
L23-0R5   0  5 23  6  899.33889 1.88e-03 2.27e+08 
L24-0P5   0  5 24  4  895.57594 6.64e-04 2.07e+08 
L24-0R5   0  5 24  6  894.15375 6.81e-04 2.28e+08 
L25-0P5   0  5 25  4  890.73854 2.50e-04 2.06e+08 
L25-0R5   0  5 25  6  889.42341 1.14e-03 1.90e+08 
L26-0P5   0  5 26  4  886.04025 5.07e-04 1.80e+08 
L26-0R5   0  5 26  6  884.70686 2.18e-04 2.63e+08 
L27-0P5   0  5 27  4  881.69590 2.18e-04 1.68e+08 
L27-0R5   0  5 27  6  880.51662 7.23e-04 1.67e+08 
L28-0P5   0  5 28  4  877.50711 3.90e-04 1.66e+08 
L28-0R5   0  5 28  6  876.21692 4.23e-06 3.65e+08 
L29-0P5   0  5 29  4  873.67231 1.66e-04 1.47e+08 
L29-0R5   0  5 29  6  872.62860 4.63e-04 1.49e+08 
L30-0P5   0  5 30  4  870.01922 2.87e-04 1.36e+08 
L30-0R5   0  5 30  6  869.36950 1.01e-03 3.60e+08 
L31-0P5   0  5 31  4  866.75850 1.14e-04 1.20e+08 
L31-0R5   0  5 31  6  865.87216 2.99e-04 1.14e+08 
L32-0P5   0  5 32  4  863.75784 1.89e-04 1.11e+08 
L32-0R5   0  5 32  6  863.19044 6.15e-04 1.65e+08 
L33-0P5   0  5 33  4  861.25085 7.01e-05 8.78e+07 
L33-0R5   0  5 33  6  860.58379 1.73e-04 8.27e+07 
L34-0P5   0  5 34  4  859.21954 1.23e-04 7.16e+07 
L34-0R5   0  5 34  6  858.80410 2.77e-04 7.33e+07 
L35-0P5   0  5 35  4  857.97958 2.94e-05 3.06e+07 
L35-0R5   0  5 35  6  857.71539 2.88e-05 2.18e+07 
L36-0P5   0  5 36  4  857.53813 6.71e-06 8.11e+06 
L36-0R5   0  5 36  6  857.43887 3.44e-06 5.70e+06 
L37-0P5   0  5 37  4  857.38594 9.56e-06 5.34e+06 
W0-0Q5    0  5  0  5 1017.82952 2.39e-02 1.17e+09 
W1-0Q5    0  5  1  5  994.92192 3.67e-02 1.15e+09 
W2-0Q5    0  5  2  5  974.28444 3.52e-02 1.13e+09 
W3-0Q5    0  5  3  5  955.67850 2.77e-02 1.11e+09 
W4-0Q5    0  5  4  5  938.90719 1.96e-02 1.10e+09 
W5-0Q5    0  5  5  5  923.81526 1.32e-02 1.08e+09 
W6-0Q5    0  5  6  5  910.28056 8.62e-03 1.07e+09 
W7-0Q5    0  5  7  5  898.21346 5.59e-03 1.06e+09 
W8-0Q5    0  5  8  5  887.55338 3.61e-03 1.00e+09 
W9-0Q5    0  5  9  5  878.27442 2.35e-03 8.93e+08 
W10-0Q5   0  5 10  5  870.39429 1.52e-03 5.72e+08 
W11-0Q5   0  5 11  5  863.98246 9.60e-04 2.56e+08 
W12-0Q5   0  5 12  5  859.20072 5.61e-04 1.75e+08 
W0-0P5    0  5  0  4 1020.79638 1.09e-02 1.17e+09 
W0-0R5    0  5  0  6 1014.23746 2.61e-02 9.52e+08 
W1-0P5    0  5  1  4  997.63650 1.29e-02 1.13e+09 
W1-0R5    0  5  1  6  991.36816 1.08e-02 1.13e+09 
W2-0P5    0  5  2  4  976.54648 2.19e-02 1.03e+09 
W2-0R5    0  5  2  6  971.07215 1.38e-02 1.11e+09 
W3-0P5    0  5  3  4  957.81606 1.42e-02 1.10e+09 
W3-0R5    0  5  3  6  952.80227 1.33e-02 1.08e+09 
W4-0P5    0  5  4  4  940.87999 8.98e-03 1.08e+09 
W4-0R5    0  5  4  6  936.46208 1.25e-02 9.25e+08 
W5-0P5    0  5  5  4  925.65586 4.95e-03 1.04e+09 
W5-0R5    0  5  5  6  921.21943 2.47e-03 9.54e+08 
W6-0P5    0  5  6  4  912.18562 6.84e-04 7.00e+08 
W6-0R5    0  5  6  6  908.04542 3.13e-03 1.02e+09 
W7-0P5    0  5  7  4  899.59406 3.00e-03 9.95e+08 
W7-0R5    0  5  7  6  896.26543 6.46e-03 7.68e+08 
W8-0P5    0  5  8  4  888.83256 1.73e-03 9.77e+08 
W8-0R5    0  5  8  6  885.89488 2.06e-03 8.87e+08 
W9-0P5    0  5  9  4  879.42595 1.03e-03 9.14e+08 
W9-0R5    0  5  9  6  876.93836 1.55e-03 6.13e+08 
W10-0P5   0  5 10  4  871.40153 6.26e-04 5.90e+08 
W10-0R5   0  5 10  6  868.79237 3.13e-05 3.43e+08 
W11-0P5   0  5 11  4  864.82171 3.90e-04 4.20e+08 
W11-0R5   0  5 11  6  862.71831 4.51e-05 2.19e+08 
W12-0P5   0  5 12  4  859.84441 1.90e-04 3.45e+08 
W12-0R5   0  5 12  6  858.36004 3.82e-04 1.96e+08 
L0-1R0    1  0  0  1 1161.69317 1.27e-02 1.86e+09 
L1-1R0    1  0  1  1 1144.19395 3.11e-02 1.74e+09 
L2-1R0    1  0  2  1 1127.67999 4.31e-02 1.63e+09 
L3-1R0    1  0  3  1 1112.06328 4.37e-02 1.53e+09 
L4-1R0    1  0  4  1 1097.27749 3.55e-02 1.45e+09 
L5-1R0    1  0  5  1 1083.26600 2.39e-02 1.35e+09 
L6-1R0    1  0  6  1 1069.97886 1.31e-02 1.26e+09 
L7-1R0    1  0  7  1 1057.37217 6.03e-03 9.82e+08 
L8-1R0    1  0  8  1 1045.40071 9.09e-04 8.09e+08 
L9-1R0    1  0  9  1 1034.03249 1.59e-06 6.59e+08 
L10-1R0   1  0 10  1 1023.22349 1.27e-03 6.32e+08 
L11-1R0   1  0 11  1 1012.95406 2.85e-03 6.07e+08 
L12-1R0   1  0 12  1 1003.17445 5.61e-03 4.71e+08 
L13-1R0   1  0 13  1  993.88305 7.11e-03 4.61e+08 
L14-1R0   1  0 14  1  984.94744 2.44e-03 6.37e+08 
L15-1R0   1  0 15  1  976.60389 9.39e-03 3.82e+08 
L16-1R0   1  0 16  1  968.58717 1.15e-02 3.76e+08 
L17-1R0   1  0 17  1  960.92993 9.47e-03 3.16e+08 
L18-1R0   1  0 18  1  953.65012 1.04e-02 3.03e+08 
L19-1R0   1  0 19  1  946.70111 8.18e-03 2.74e+08 
L20-1R0   1  0 20  1  940.09119 8.70e-03 2.63e+08 
L21-1R0   1  0 21  1  933.78040 6.20e-03 2.54e+08 
L22-1R0   1  0 22  1  927.78442 7.01e-03 2.37e+08 
L23-1R0   1  0 23  1  922.05194 2.96e-03 2.46e+08 
L24-1R0   1  0 24  1  916.63263 5.37e-03 2.07e+08 
L25-1R0   1  0 25  1  911.49427 1.04e-02 2.55e+08 
L26-1R0   1  0 26  1  906.56275 4.03e-03 1.75e+08 
L27-1R0   1  0 27  1  901.93235 5.01e-03 1.69e+08 
L28-1R0   1  0 28  1  897.54473 2.97e-03 1.49e+08 
L29-1R0   1  0 29  1  893.44378 3.42e-03 1.41e+08 
L30-1R0   1  0 30  1  889.61117 2.16e-03 1.28e+08 
L31-1R0   1  0 31  1  886.09937 2.44e-03 1.18e+08 
L32-1R0   1  0 32  1  882.92534 1.51e-03 1.03e+08 
L33-1R0   1  0 33  1  880.17663 1.64e-03 8.87e+07 
L34-1R0   1  0 34  1  877.95264 8.53e-04 6.63e+07 
L35-1R0   1  0 35  1  876.45292 5.70e-04 3.74e+07 
L36-1R0   1  0 36  1  875.83037 2.99e-04 1.51e+07 
L37-1R0   1  0 37  1  875.62945 1.10e-05 6.11e+06 
W0-1R0    1  0  0  1 1052.72998 1.24e-01 1.18e+09 
W1-1R0    1  0  1  1 1027.78271 5.37e-02 1.16e+09 
W2-1R0    1  0  2  1 1005.34825 4.52e-03 1.14e+09 
W3-1R0    1  0  3  1  985.22187 8.29e-03 9.03e+08 
W4-1R0    1  0  4  1  966.92984 1.20e-02 1.10e+09 
W5-1R0    1  0  5  1  950.56275 2.10e-02 1.09e+09 
W6-1R0    1  0  6  1  935.87663 2.40e-02 1.07e+09 
W7-1R0    1  0  7  1  922.77124 2.40e-02 1.05e+09 
W8-1R0    1  0  8  1  911.10445 1.17e-02 9.61e+08 
W9-1R0    1  0  9  1  900.95894 1.29e-02 9.89e+08 
W10-1R0   1  0 10  1  892.24946 9.52e-03 6.55e+08 
W11-1R0   1  0 11  1  885.03815 6.83e-03 6.20e+08 
W12-1R0   1  0 12  1  879.44885 4.45e-03 4.09e+08 
W13-1R0   1  0 13  1  875.74278 2.16e-03 2.09e+08 
L0-1P1    1  1  0  0 1163.74091 4.36e-03 1.87e+09 
L0-1R1    1  1  0  2 1162.16961 8.30e-03 1.86e+09 
L1-1P1    1  1  1  0 1146.15493 1.04e-02 1.74e+09 
L1-1R1    1  1  1  2 1144.70633 2.05e-02 1.73e+09 
L2-1P1    1  1  2  0 1129.56392 1.42e-02 1.63e+09 
L2-1R1    1  1  2  2 1128.21918 2.88e-02 1.62e+09 
L3-1P1    1  1  3  0 1113.87749 1.41e-02 1.53e+09 
L3-1R1    1  1  3  2 1112.62329 2.95e-02 1.53e+09 
L4-1P1    1  1  4  0 1099.02791 1.12e-02 1.45e+09 
L4-1R1    1  1  4  2 1097.85428 2.44e-02 1.44e+09 
L5-1P1    1  1  5  0 1084.95749 7.29e-03 1.35e+09 
L5-1R1    1  1  5  2 1083.85669 1.67e-02 1.34e+09 
L6-1P1    1  1  6  0 1071.61587 3.77e-03 1.26e+09 
L6-1R1    1  1  6  2 1070.58163 9.45e-03 1.25e+09 
L7-1P1    1  1  7  0 1058.95768 1.40e-03 9.81e+08 
L7-1R1    1  1  7  2 1057.98644 4.61e-03 9.86e+08 
L8-1P1    1  1  8  0 1046.94085 2.35e-04 8.22e+08 
L8-1R1    1  1  8  2 1046.02040 6.83e-04 7.83e+08 
L9-1P1    1  1  9  0 1035.52739 1.43e-05 6.59e+08 
L9-1R1    1  1  9  2 1034.66275 1.57e-05 6.58e+08 
L10-1P1   1  1 10  0 1024.68098 3.79e-04 6.32e+08 
L10-1R1   1  1 10  2 1023.85322 9.19e-04 6.32e+08 
L11-1P1   1  1 11  0 1014.37007 1.01e-03 6.09e+08 
L11-1R1   1  1 11  2 1013.59587 1.83e-03 6.02e+08 
L12-1P1   1  1 12  0 1004.56222 1.68e-03 4.68e+08 
L12-1R1   1  1 12  2 1003.79888 4.08e-03 4.83e+08 
L13-1P1   1  1 13  0  995.23036 2.25e-03 4.60e+08 
L13-1R1   1  1 13  2  994.53256 4.82e-03 4.63e+08 
L14-1P1   1  1 14  0  986.34844 2.67e-03 4.16e+08 
L14-1R1   1  1 14  2  985.76797 6.73e-03 5.11e+08 
L15-1P1   1  1 15  0  977.89134 2.92e-03 3.82e+08 
L15-1R1   1  1 15  2  977.25870 6.42e-03 3.83e+08 
L16-1P1   1  1 16  0  969.83663 3.02e-03 3.71e+08 
L16-1R1   1  1 16  2  969.25757 7.91e-03 3.79e+08 
L17-1P1   1  1 17  0  962.16341 3.00e-03 3.17e+08 
L17-1R1   1  1 17  2  961.58793 6.42e-03 3.17e+08 
L18-1P1   1  1 18  0  954.85311 2.88e-03 3.02e+08 
L18-1R1   1  1 18  2  954.32095 7.33e-03 3.06e+08 
L19-1P1   1  1 19  0  947.88751 2.72e-03 2.73e+08 
L19-1R1   1  1 19  2  947.35950 5.38e-03 2.77e+08 
L20-1P1   1  1 20  0  941.25044 2.51e-03 2.62e+08 
L20-1R1   1  1 20  2  940.76342 6.17e-03 2.65e+08 
L21-1P1   1  1 21  0  934.92676 2.28e-03 2.50e+08 
L21-1R1   1  1 21  2  934.43491 3.60e-03 2.65e+08 
L22-1P1   1  1 22  0  928.90401 2.06e-03 2.36e+08 
L22-1R1   1  1 22  2  928.45985 4.89e-03 2.37e+08 
L23-1P1   1  1 23  0  923.17052 1.84e-03 2.25e+08 
L23-1R1   1  1 23  2  922.64924 1.77e-04 3.98e+08 
L24-1P1   1  1 24  0  917.71535 1.63e-03 2.07e+08 
L24-1R1   1  1 24  2  917.30959 3.70e-03 2.06e+08 
L25-1P1   1  1 25  0  912.53157 1.44e-03 1.92e+08 
L25-1R1   1  1 25  2  912.18779 5.88e-03 2.37e+08 
L26-1P1   1  1 26  0  907.61274 1.26e-03 1.75e+08 
L26-1R1   1  1 26  2  907.24467 2.74e-03 1.75e+08 
L27-1P1   1  1 27  0  902.95696 1.10e-03 1.62e+08 
L27-1R1   1  1 27  2  902.62931 3.52e-03 1.73e+08 
L28-1P1   1  1 28  0  898.56423 9.56e-04 1.49e+08 
L28-1R1   1  1 28  2  898.23331 1.99e-03 1.51e+08 
L29-1P1   1  1 29  0  894.44118 8.24e-04 1.38e+08 
L29-1R1   1  1 29  2  894.14687 2.44e-03 1.43e+08 
L30-1P1   1  1 30  0  890.60082 7.06e-04 1.27e+08 
L30-1R1   1  1 30  2  890.31062 1.42e-03 1.29e+08 
L31-1P1   1  1 31  0  887.06862 5.98e-04 1.16e+08 
L31-1R1   1  1 31  2  886.81610 1.74e-03 1.21e+08 
L32-1P1   1  1 32  0  883.88453 4.96e-04 1.03e+08 
L32-1R1   1  1 32  2  883.64397 9.91e-04 1.04e+08 
L33-1P1   1  1 33  0  881.11510 3.92e-04 8.73e+07 
L33-1R1   1  1 33  2  880.91950 1.16e-03 8.98e+07 
L34-1P1   1  1 34  0  878.87634 2.83e-04 6.64e+07 
L34-1R1   1  1 34  2  878.71416 5.50e-04 6.66e+07 
L35-1P1   1  1 35  0  877.35191 1.55e-04 3.77e+07 
L35-1R1   1  1 35  2  877.25416 3.87e-04 3.67e+07 
L36-1P1   1  1 36  0  876.69196 1.59e-05 1.15e+07 
L36-1R1   1  1 36  2  876.66583 1.54e-04 1.25e+07 
L37-1P1   1  1 37  0  876.50216 1.69e-05 4.65e+06 
L37-1R1   1  1 37  2  876.48295 1.86e-04 1.82e+07 
W0-1Q1    1  1  0  1 1053.99301 6.56e-02 1.18e+09 
W1-1Q1    1  1  1  1 1028.98687 2.79e-02 1.16e+09 
W2-1Q1    1  1  2  1 1006.49643 2.48e-03 1.14e+09 
W3-1Q1    1  1  3  1  986.24504 1.34e-03 1.12e+09 
W4-1Q1    1  1  4  1  968.00548 7.35e-03 1.11e+09 
W5-1Q1    1  1  5  1  951.59512 1.15e-02 1.09e+09 
W6-1Q1    1  1  6  1  936.87153 1.24e-02 1.08e+09 
W7-1Q1    1  1  7  1  923.72489 1.12e-02 1.07e+09 
W8-1Q1    1  1  8  1  912.07846 9.23e-03 1.02e+09 
W9-1Q1    1  1  9  1  901.88981 7.46e-03 1.00e+09 
W10-1Q1   1  1 10  1  893.15779 5.33e-03 6.56e+08 
W11-1Q1   1  1 11  1  885.92965 3.79e-03 6.27e+08 
W12-1Q1   1  1 12  1  880.32718 2.49e-03 4.12e+08 
W13-1Q1   1  1 13  1  876.61188 1.27e-03 2.20e+08 
W0-1R1    1  1  0  2 1052.60609 5.87e-02 1.18e+09 
W1-1R1    1  1  1  2 1027.73201 2.56e-02 1.16e+09 
W2-1R1    1  1  2  2 1005.37635 1.84e-03 1.13e+09 
W3-1R1    1  1  3  2  985.12210 7.08e-06 1.03e+09 
W4-1R1    1  1  4  2  967.04336 5.23e-03 1.10e+09 
W5-1R1    1  1  5  2  950.73645 9.87e-03 1.08e+09 
W6-1R1    1  1  6  2  936.11186 1.20e-02 1.06e+09 
W7-1R1    1  1  7  2  923.11828 1.38e-02 8.91e+08 
W8-1R1    1  1  8  2  911.41186 5.69e-03 9.73e+08 
W9-1R1    1  1  9  2  901.32071 5.60e-03 9.80e+08 
W10-1R1   1  1 10  2  892.66992 4.42e-03 6.33e+08 
W11-1R1   1  1 11  2  885.52225 3.17e-03 6.00e+08 
W12-1R1   1  1 12  2  880.00986 2.05e-03 4.29e+08 
W13-1R1   1  1 13  2  876.41313 9.23e-04 2.23e+08 
L0-1P2    1  2  0  1 1166.25461 5.25e-03 1.86e+09 
L0-1R2    1  2  0  3 1163.64381 7.25e-03 1.85e+09 
L1-1P2    1  2  1  1 1148.61875 1.26e-02 1.74e+09 
L1-1R2    1  2  1  3 1146.21050 1.82e-02 1.73e+09 
L2-1P2    1  2  2  1 1131.97774 1.69e-02 1.63e+09 
L2-1R2    1  2  2  3 1129.74130 2.59e-02 1.62e+09 
L3-1P2    1  2  3  1 1116.24260 1.68e-02 1.53e+09 
L3-1R2    1  2  3  3 1114.15647 2.71e-02 1.53e+09 
L4-1P2    1  2  4  1 1101.34621 1.32e-02 1.45e+09 
L4-1R2    1  2  4  3 1099.39389 2.26e-02 1.44e+09 
L5-1P2    1  2  5  1 1087.23128 8.41e-03 1.35e+09 
L5-1R2    1  2  5  3 1085.39968 1.58e-02 1.33e+09 
L6-1P2    1  2  6  1 1073.84730 4.23e-03 1.26e+09 
L6-1R2    1  2  6  3 1072.12622 9.17e-03 1.23e+09 
L7-1P2    1  2  7  1 1061.14982 1.38e-03 9.82e+08 
L7-1R2    1  2  7  3 1059.53203 4.62e-03 9.94e+08 
L8-1P2    1  2  8  1 1049.09315 2.58e-04 8.09e+08 
L8-1R2    1  2  8  3 1047.56028 6.63e-04 7.46e+08 
L9-1P2    1  2  9  1 1037.64493 4.01e-05 6.59e+08 
L9-1R2    1  2  9  3 1036.20522 3.92e-05 6.53e+08 
L10-1P2   1  2 10  1 1026.76067 4.14e-04 6.32e+08 
L10-1R2   1  2 10  3 1025.37727 1.02e-03 6.30e+08 
L11-1P2   1  2 11  1 1016.42048 1.23e-03 6.07e+08 
L11-1R2   1  2 11  3 1015.12970 1.58e-03 5.85e+08 
L12-1P2   1  2 12  1 1006.57414 1.88e-03 4.71e+08 
L12-1R2   1  2 12  3 1005.24052 4.54e-03 5.70e+08 
L13-1P2   1  2 13  1  997.21995 2.61e-03 4.61e+08 
L13-1R2   1  2 13  3  996.05780 4.37e-03 4.63e+08 
L14-1P2   1  2 14  1  988.22451 3.21e-03 6.37e+08 
L14-1R2   1  2 14  3  987.26838 5.79e-03 4.55e+08 
L15-1P2   1  2 15  1  979.82559 3.38e-03 3.82e+08 
L15-1R2   1  2 15  3  978.77258 5.87e-03 3.85e+08 
L16-1P2   1  2 16  1  971.75610 3.11e-03 3.76e+08 
L16-1R2   1  2 16  3  970.77690 7.16e-03 3.80e+08 
L17-1P2   1  2 17  1  964.04888 3.50e-03 3.16e+08 
L17-1R2   1  2 17  3  963.08885 5.80e-03 3.19e+08 
L18-1P2   1  2 18  1  956.72192 3.11e-03 3.03e+08 
L18-1R2   1  2 18  3  955.83032 6.81e-03 3.09e+08 
L19-1P2   1  2 19  1  949.72823 3.26e-03 2.74e+08 
L19-1R2   1  2 19  3  948.84330 4.55e-03 2.87e+08 
L20-1P2   1  2 20  1  943.07611 2.75e-03 2.63e+08 
L20-1R2   1  2 20  3  942.26302 5.76e-03 2.68e+08 
L21-1P2   1  2 21  1  936.72533 2.90e-03 2.54e+08 
L21-1R2   1  2 21  3  935.87935 2.04e-03 3.11e+08 
L22-1P2   1  2 22  1  930.69158 2.32e-03 2.37e+08 
L22-1R2   1  2 22  3  929.94985 4.54e-03 2.38e+08 
L23-1P2   1  2 23  1  924.92324 2.82e-03 2.46e+08 
L23-1R2   1  2 23  3  924.37947 9.36e-03 4.22e+08 
L24-1P2   1  2 24  1  919.47022 1.87e-03 2.07e+08 
L24-1R2   1  2 24  3  918.79354 3.40e-03 2.06e+08 
L25-1P2   1  2 25  1  914.30009 7.10e-04 2.55e+08 
L25-1R2   1  2 25  3  913.67607 4.78e-03 2.22e+08 
L26-1P2   1  2 26  1  909.33825 1.47e-03 1.75e+08 
L26-1R2   1  2 26  3  908.72428 2.46e-03 1.75e+08 
L27-1P2   1  2 27  1  904.67953 1.00e-03 1.69e+08 
L27-1R2   1  2 27  3  904.12087 3.19e-03 1.75e+08 
L28-1P2   1  2 28  1  900.26520 1.13e-03 1.49e+08 
L28-1R2   1  2 28  3  899.71279 1.75e-03 1.57e+08 
L29-1P2   1  2 29  1  896.13941 8.09e-04 1.41e+08 
L29-1R2   1  2 29  3  895.64179 2.26e-03 1.47e+08 
L30-1P2   1  2 30  1  892.28369 8.45e-04 1.28e+08 
L30-1R2   1  2 30  3  891.79829 1.22e-03 1.34e+08 
L31-1P2   1  2 31  1  888.75080 5.95e-04 1.18e+08 
L31-1R2   1  2 31  3  888.32526 1.61e-03 1.20e+08 
L32-1P2   1  2 32  1  885.55777 5.93e-04 1.03e+08 
L32-1R2   1  2 32  3  885.15722 8.35e-04 1.05e+08 
L33-1P2   1  2 33  1  882.79268 3.83e-04 8.87e+07 
L33-1R2   1  2 33  3  882.46470 1.05e-03 9.00e+07 
L34-1P2   1  2 34  1  880.55547 3.38e-04 6.63e+07 
L34-1R2   1  2 34  3  880.28649 4.46e-04 6.76e+07 
L35-1P2   1  2 35  1  879.04685 1.61e-04 3.74e+07 
L35-1R2   1  2 35  3  878.88847 3.31e-04 3.52e+07 
L36-1P2   1  2 36  1  878.42061 2.37e-05 1.51e+07 
L36-1R2   1  2 36  3  878.35349 1.10e-04 1.06e+07 
L37-1P2   1  2 37  1  878.21850 3.39e-05 6.11e+06 
L37-1R2   1  2 37  3  878.18302 6.17e-05 6.39e+06 
W0-1Q2    1  2  0  2 1055.13358 6.58e-02 1.18e+09 
W1-1Q2    1  2  1  2 1030.14079 2.80e-02 1.16e+09 
W2-1Q2    1  2  2  2 1007.66267 2.48e-03 1.14e+09 
W3-1Q2    1  2  3  2  987.42378 1.33e-03 1.12e+09 
W4-1Q2    1  2  4  2  969.19708 7.32e-03 1.10e+09 
W5-1Q2    1  2  5  2  952.80091 1.14e-02 1.09e+09 
W6-1Q2    1  2  6  2  938.09343 1.23e-02 1.08e+09 
W7-1Q2    1  2  7  2  924.96585 1.12e-02 1.07e+09 
W8-1Q2    1  2  8  2  913.34227 9.23e-03 1.02e+09 
W9-1Q2    1  2  9  2  903.18164 7.18e-03 1.00e+09 
W10-1Q2   1  2 10  2  894.48511 5.33e-03 6.33e+08 
W11-1Q2   1  2 11  2  887.30302 3.78e-03 6.19e+08 
W12-1Q2   1  2 12  2  881.76315 2.47e-03 4.39e+08 
W13-1Q2   1  2 13  2  878.14384 1.21e-03 2.47e+08 
W0-1P2    1  2  0  1 1056.47448 1.46e-02 1.18e+09 
W0-1R2    1  2  0  3 1053.04859 4.47e-02 1.18e+09 
W1-1P2    1  2  1  1 1031.35154 6.06e-03 1.16e+09 
W1-1R2    1  2  1  3 1028.25881 1.94e-02 1.15e+09 
W2-1P2    1  2  2  1 1008.76272 5.76e-04 1.14e+09 
W2-1R2    1  2  2  3 1006.04907 4.80e-04 1.04e+09 
W3-1P2    1  2  3  1  988.50077 2.43e-04 9.03e+08 
W3-1R2    1  2  3  3  985.79460 1.35e-04 1.09e+09 
W4-1P2    1  2  4  1  970.08792 2.03e-03 1.10e+09 
W4-1R2    1  2  4  3  967.75377 3.97e-03 1.09e+09 
W5-1P2    1  2  5  1  953.61466 2.67e-03 1.09e+09 
W5-1R2    1  2  5  3  951.51734 7.85e-03 1.07e+09 
W6-1P2    1  2  6  1  938.83482 2.61e-03 1.07e+09 
W6-1R2    1  2  6  3  936.98609 1.06e-02 1.01e+09 
W7-1P2    1  2  7  1  925.64703 1.83e-03 1.05e+09 
W7-1R2    1  2  7  3  923.76372 2.01e-03 8.66e+08 
W8-1P2    1  2  8  1  913.90787 2.98e-03 9.61e+08 
W8-1R2    1  2  8  3  912.35890 4.70e-03 9.80e+08 
W9-1P2    1  2  9  1  903.70017 1.91e-03 9.89e+08 
W9-1R2    1  2  9  3  902.33309 4.34e-03 9.63e+08 
W10-1P2   1  2 10  1  894.93787 1.28e-03 6.55e+08 
W10-1R2   1  2 10  3  893.75896 3.44e-03 6.08e+08 
W11-1P2   1  2 11  1  887.68322 9.07e-04 6.20e+08 
W11-1R2   1  2 11  3  886.69894 2.48e-03 5.54e+08 
W12-1P2   1  2 12  1  882.06056 6.00e-04 4.09e+08 
W12-1R2   1  2 12  3  881.29743 1.60e-03 4.44e+08 
W13-1P2   1  2 13  1  878.33250 2.85e-04 2.09e+08 
L0-1P3    1  3  0  2 1169.75071 5.61e-03 1.86e+09 
L0-1R3    1  3  0  4 1166.11154 6.66e-03 1.84e+09 
L1-1P3    1  3  1  2 1152.06059 1.34e-02 1.73e+09 
L1-1R3    1  3  1  4 1148.70081 1.71e-02 1.72e+09 
L2-1P3    1  3  2  2 1135.36245 1.81e-02 1.62e+09 
L2-1R3    1  3  2  4 1132.24022 2.46e-02 1.61e+09 
L3-1P3    1  3  3  2 1119.56983 1.77e-02 1.53e+09 
L3-1R3    1  3  3  4 1116.65605 2.60e-02 1.52e+09 
L4-1P3    1  3  4  2 1104.61707 1.39e-02 1.44e+09 
L4-1R3    1  3  4  4 1101.88916 2.22e-02 1.43e+09 
L5-1P3    1  3  5  2 1090.44761 8.74e-03 1.34e+09 
L5-1R3    1  3  5  4 1087.88773 1.58e-02 1.33e+09 
L6-1P3    1  3  6  2 1077.01161 4.29e-03 1.25e+09 
L6-1R3    1  3  6  4 1074.60522 9.39e-03 1.18e+09 
L7-1P3    1  3  7  2 1064.26557 1.25e-03 9.86e+08 
L7-1R3    1  3  7  4 1062.00111 4.85e-03 9.93e+08 
L8-1P3    1  3  8  2 1052.15789 2.73e-04 7.83e+08 
L8-1R3    1  3  8  4 1050.01108 5.99e-04 7.04e+08 
L9-1P3    1  3  9  2 1040.66730 6.85e-05 6.58e+08 
L9-1R3    1  3  9  4 1038.65036 6.99e-05 6.38e+08 
L10-1P3   1  3 10  2 1029.73260 3.70e-04 6.32e+08 
L10-1R3   1  3 10  4 1027.77046 1.80e-03 6.38e+08 
L11-1P3   1  3 11  2 1019.35770 1.32e-03 6.02e+08 
L11-1R3   1  3 11  4 1017.54875 1.44e-03 5.33e+08 
L12-1P3   1  3 12  2 1009.44956 1.78e-03 4.83e+08 
L12-1R3   1  3 12  4 1007.91424 9.54e-04 5.64e+08 
L13-1P3   1  3 13  2 1000.07911 2.71e-03 4.63e+08 
L13-1R3   1  3 13  4  998.44851 4.19e-03 4.46e+08 
L14-1P3   1  3 14  2  991.21693 2.00e-03 5.11e+08 
L14-1R3   1  3 14  4  989.64054 5.38e-03 4.21e+08 
L15-1P3   1  3 15  2  982.61373 3.49e-03 3.83e+08 
L15-1R3   1  3 15  4  981.13484 5.64e-03 3.82e+08 
L16-1P3   1  3 16  2  974.52504 3.01e-03 3.79e+08 
L16-1R3   1  3 16  4  973.13855 6.81e-03 3.58e+08 
L17-1P3   1  3 17  2  966.77214 3.70e-03 3.17e+08 
L17-1R3   1  3 17  4  965.41973 5.37e-03 3.21e+08 
L18-1P3   1  3 18  2  959.42689 3.06e-03 3.06e+08 
L18-1R3   1  3 18  4  958.16930 6.58e-03 3.00e+08 
L19-1P3   1  3 19  2  952.39102 3.57e-03 2.77e+08 
L19-1R3   1  3 19  4  951.12737 3.50e-03 3.09e+08 
L20-1P3   1  3 20  2  945.72494 2.77e-03 2.65e+08 
L20-1R3   1  3 20  4  944.58061 5.59e-03 2.67e+08 
L21-1P3   1  3 21  2  939.32973 3.49e-03 2.65e+08 
L21-1R3   1  3 21  4  937.95353 3.36e-06 6.16e+08 
L22-1P3   1  3 22  2  933.29211 2.36e-03 2.37e+08 
L22-1R3   1  3 22  4  932.24890 4.37e-03 2.38e+08 
L23-1P3   1  3 23  2  927.42105 4.80e-03 3.98e+08 
L23-1R3   1  3 23  4  926.61668 6.60e-03 2.78e+08 
L24-1P3   1  3 24  2  922.02618 1.94e-03 2.06e+08 
L24-1R3   1  3 24  4  921.07502 3.22e-03 2.07e+08 
L25-1P3   1  3 25  2  916.85173 7.44e-04 2.37e+08 
L25-1R3   1  3 25  4  915.95902 4.29e-03 2.06e+08 
L26-1P3   1  3 26  2  911.85807 1.56e-03 1.75e+08 
L26-1R3   1  3 26  4  910.99165 2.26e-03 1.80e+08 
L27-1P3   1  3 27  2  907.19578 9.08e-04 1.73e+08 
L27-1R3   1  3 27  4  906.39981 3.01e-03 1.68e+08 
L28-1P3   1  3 28  2  902.75529 1.23e-03 1.51e+08 
L28-1R3   1  3 28  4  901.97360 1.51e-03 1.66e+08 
L29-1P3   1  3 29  2  898.62770 7.55e-04 1.43e+08 
L29-1R3   1  3 29  4  897.92247 2.16e-03 1.47e+08 
L30-1P3   1  3 30  2  894.75298 9.26e-04 1.29e+08 
L30-1R3   1  3 30  4  894.06421 9.89e-04 1.36e+08 
L31-1P3   1  3 31  2  891.22358 5.57e-04 1.21e+08 
L31-1R3   1  3 31  4  890.62113 1.53e-03 1.20e+08 
L32-1P3   1  3 32  2  888.01989 6.51e-04 1.04e+08 
L32-1R3   1  3 32  4  887.45327 6.60e-04 1.11e+08 
L33-1P3   1  3 33  2  885.26842 3.57e-04 8.98e+07 
L33-1R3   1  3 33  4  884.80706 9.90e-04 8.78e+07 
L34-1P3   1  3 34  2  883.04127 3.70e-04 6.66e+07 
L34-1R3   1  3 34  4  882.66325 3.05e-04 7.16e+07 
L35-1P3   1  3 35  2  881.56687 1.54e-04 3.67e+07 
L35-1R3   1  3 35  4  881.35476 2.80e-04 3.06e+07 
L36-1P3   1  3 36  2  880.97274 2.83e-05 1.25e+07 
L36-1R3   1  3 36  4  880.88893 8.32e-05 8.11e+06 
L37-1P3   1  3 37  2  880.78807 5.74e-08 1.82e+07 
L37-1R3   1  3 37  4  880.72833 3.01e-05 5.34e+06 
W0-1Q3    1  3  0  3 1056.83422 6.58e-02 1.18e+09 
W1-1Q3    1  3  1  3 1031.86172 2.81e-02 1.16e+09 
W2-1Q3    1  3  2  3 1009.40289 2.51e-03 1.14e+09 
W3-1Q3    1  3  3  3  989.18299 1.31e-03 1.12e+09 
W4-1Q3    1  3  4  3  970.97597 7.29e-03 1.10e+09 
W5-1Q3    1  3  5  3  954.60163 1.14e-02 1.09e+09 
W6-1Q3    1  3  6  3  939.91879 1.23e-02 1.08e+09 
W7-1Q3    1  3  7  3  926.82022 1.12e-02 1.07e+09 
W8-1Q3    1  3  8  3  915.23145 9.22e-03 1.01e+09 
W9-1Q3    1  3  9  3  905.11351 7.17e-03 9.96e+08 
W10-1Q3   1  3 10  3  896.47112 5.31e-03 6.02e+08 
W11-1Q3   1  3 11  3  889.35950 3.76e-03 5.91e+08 
W12-1Q3   1  3 12  3  883.91594 2.44e-03 4.75e+08 
W0-1P3    1  3  0  2 1058.82134 2.17e-02 1.18e+09 
W0-1R3    1  3  0  4 1054.05700 3.83e-02 1.17e+09 
W1-1P3    1  3  1  2 1033.65615 9.00e-03 1.16e+09 
W1-1R3    1  3  1  4 1029.38153 1.57e-02 1.13e+09 
W2-1P3    1  3  2  2 1011.04486 9.85e-04 1.13e+09 
W2-1R3    1  3  2  4 1006.94307 3.62e-03 1.03e+09 
W3-1P3    1  3  3  2  990.56389 1.75e-03 1.03e+09 
W3-1R3    1  3  3  4  987.04036 2.14e-04 1.10e+09 
W4-1P3    1  3  4  2  972.28672 3.05e-03 1.10e+09 
W4-1R3    1  3  4  4  969.06474 3.66e-03 1.08e+09 
W5-1P3    1  3  5  2  955.80401 3.93e-03 1.08e+09 
W5-1R3    1  3  5  4  952.92267 7.72e-03 1.04e+09 
W6-1P3    1  3  6  2  941.02431 3.57e-03 1.06e+09 
W6-1R3    1  3  6  4  938.65328 1.14e-02 7.00e+08 
W7-1P3    1  3  7  2  927.89495 1.17e-03 8.91e+08 
W7-1R3    1  3  7  4  925.32575 3.75e-03 9.95e+08 
W8-1P3    1  3  8  2  916.06785 3.98e-03 9.73e+08 
W8-1R3    1  3  8  4  913.94370 4.44e-03 9.77e+08 
W9-1P3    1  3  9  2  905.87390 2.69e-03 9.80e+08 
W9-1R3    1  3  9  4  904.00105 3.99e-03 9.14e+08 
W10-1P3   1  3 10  2  897.13592 1.89e-03 6.33e+08 
W10-1R3   1  3 10  4  895.52405 3.20e-03 5.90e+08 
W11-1P3   1  3 11  2  889.91684 1.33e-03 6.00e+08 
W11-1R3   1  3 11  4  888.57635 2.30e-03 4.20e+08 
W12-1P3   1  3 12  2  884.34978 8.71e-04 4.29e+08 
W12-1R3   1  3 12  4  883.32270 1.50e-03 3.45e+08 
W13-1P3   1  3 13  2  880.71755 3.60e-04 2.23e+08 
L0-1P4    1  4  0  3 1174.21320 5.77e-03 1.85e+09 
L0-1R4    1  4  0  5 1169.56110 6.22e-03 1.83e+09 
L1-1P4    1  4  1  3 1156.46417 1.38e-02 1.73e+09 
L1-1R4    1  4  1  5 1152.16413 1.62e-02 1.71e+09 
L2-1P4    1  4  2  3 1139.70115 1.86e-02 1.62e+09 
L2-1R4    1  4  2  5 1135.70235 2.39e-02 1.60e+09 
L3-1P4    1  4  3  3 1123.84225 1.83e-02 1.53e+09 
L3-1R4    1  4  3  5 1120.10782 2.57e-02 1.51e+09 
L4-1P4    1  4  4  3 1108.82361 1.42e-02 1.44e+09 
L4-1R4    1  4  4  5 1105.32571 2.22e-02 1.42e+09 
L5-1P4    1  4  5  3 1094.58986 8.84e-03 1.33e+09 
L5-1R4    1  4  5  5 1091.30609 1.61e-02 1.32e+09 
L6-1P4    1  4  6  3 1081.09207 4.24e-03 1.23e+09 
L6-1R4    1  4  6  5 1078.00370 9.84e-03 1.15e+09 
L7-1P4    1  4  7  3 1068.28762 1.15e-03 9.94e+08 
L7-1R4    1  4  7  5 1065.37889 5.14e-03 9.84e+08 
L8-1P4    1  4  8  3 1056.11833 3.13e-04 7.46e+08 
L8-1R4    1  4  8  5 1053.34963 2.91e-04 6.97e+08 
L9-1P4    1  4  9  3 1044.57799 9.02e-05 6.53e+08 
L9-1R4    1  4  9  5 1041.98425 1.07e-04 6.36e+08 
L10-1P4   1  4 10  3 1033.57528 2.42e-04 6.30e+08 
L10-1R4   1  4 10  5 1031.42505 4.25e-03 8.13e+08 
L11-1P4   1  4 11  3 1023.16402 1.34e-03 5.85e+08 
L11-1R4   1  4 11  5 1020.83796 1.35e-03 5.20e+08 
L12-1P4   1  4 12  3 1013.11847 1.05e-03 5.70e+08 
L12-1R4   1  4 12  5 1011.10660 1.79e-03 4.84e+08 
L13-1P4   1  4 13  3 1003.79192 2.70e-03 4.63e+08 
L13-1R4   1  4 13  5 1001.69146 4.08e-03 4.48e+08 
L14-1P4   1  4 14  3  994.86609 2.54e-03 4.55e+08 
L14-1R4   1  4 14  5  992.86192 5.15e-03 4.15e+08 
L15-1P4   1  4 15  3  986.23959 3.53e-03 3.85e+08 
L15-1R4   1  4 15  5  984.32909 5.45e-03 3.86e+08 
L16-1P4   1  4 16  3  978.12195 2.97e-03 3.80e+08 
L16-1R4   1  4 16  5  976.32852 6.58e-03 3.55e+08 
L17-1P4   1  4 17  3  970.31760 3.85e-03 3.19e+08 
L17-1R4   1  4 17  5  968.55265 4.68e-03 3.39e+08 
L18-1P4   1  4 18  3  962.95011 2.98e-03 3.09e+08 
L18-1R4   1  4 18  5  961.32457 6.43e-03 3.02e+08 
L19-1P4   1  4 19  3  955.85900 3.97e-03 2.87e+08 
L19-1R4   1  4 19  5  954.08886 8.42e-04 4.92e+08 
L20-1P4   1  4 20  3  949.18140 2.74e-03 2.68e+08 
L20-1R4   1  4 20  5  947.70255 5.45e-03 2.70e+08 
L21-1P4   1  4 21  3  942.70396 4.67e-03 3.11e+08 
L21-1R4   1  4 21  5  941.52348 8.43e-03 3.39e+08 
L22-1P4   1  4 22  3  936.68795 2.38e-03 2.38e+08 
L22-1R4   1  4 22  5  935.33960 4.20e-03 2.40e+08 
L23-1P4   1  4 23  3  931.03680 5.44e-05 4.22e+08 
L23-1R4   1  4 23  5  929.68478 5.62e-03 2.46e+08 
L24-1P4   1  4 24  3  925.37036 2.01e-03 2.06e+08 
L24-1R4   1  4 24  5  924.13721 2.97e-03 2.10e+08 
L25-1P4   1  4 25  3  920.17957 8.59e-04 2.22e+08 
L25-1R4   1  4 25  5  919.02439 3.99e-03 2.00e+08 
L26-1P4   1  4 26  3  915.15724 1.66e-03 1.75e+08 
L26-1R4   1  4 26  5  914.02799 1.90e-03 1.95e+08 
L27-1P4   1  4 27  3  910.48859 8.84e-04 1.75e+08 
L27-1R4   1  4 27  5  909.45601 2.88e-03 1.67e+08 
L28-1P4   1  4 28  3  906.01835 1.34e-03 1.57e+08 
L28-1R4   1  4 28  5  904.98769 1.04e-03 1.98e+08 
L29-1P4   1  4 29  3  901.89022 7.32e-04 1.47e+08 
L29-1R4   1  4 29  5  900.97688 2.07e-03 1.49e+08 
L30-1P4   1  4 30  3  897.99302 1.03e-03 1.34e+08 
L30-1R4   1  4 30  5  897.07387 5.21e-04 1.61e+08 
L31-1P4   1  4 31  3  894.47166 5.43e-04 1.20e+08 
L31-1R4   1  4 31  5  893.69386 1.46e-03 1.20e+08 
L32-1P4   1  4 32  3  891.25972 7.29e-04 1.05e+08 
L32-1R4   1  4 32  5  890.50097 2.92e-04 1.43e+08 
L33-1P4   1  4 33  3  888.53000 3.47e-04 9.00e+07 
L33-1R4   1  4 33  5  887.93828 9.26e-04 8.61e+07 
L34-1P4   1  4 34  3  886.32179 4.15e-04 6.76e+07 
L34-1R4   1  4 34  5  885.80362 1.71e-05 1.45e+08 
L35-1P4   1  4 35  3  884.90454 1.47e-04 3.52e+07 
L35-1R4   1  4 35  5  884.65012 2.18e-04 2.70e+07 
L36-1P4   1  4 36  3  884.36221 2.99e-05 1.06e+07 
L36-1R4   1  4 36  5  884.26446 6.16e-05 6.71e+06 
L37-1P4   1  4 37  3  884.18940 9.39e-06 6.39e+06 
W0-1Q4    1  4  0  4 1059.08071 6.59e-02 1.17e+09 
W1-1Q4    1  4  1  4 1034.13622 2.82e-02 1.15e+09 
W2-1Q4    1  4  2  4 1011.70369 2.53e-03 1.13e+09 
W3-1Q4    1  4  3  4  991.51000 1.30e-03 1.12e+09 
W4-1Q4    1  4  4  4  973.33017 7.26e-03 1.10e+09 
W5-1Q4    1  4  5  4  956.98569 1.14e-02 1.09e+09 
W6-1Q4    1  4  6  4  942.33663 1.23e-02 1.08e+09 
W7-1Q4    1  4  7  4  929.27769 1.12e-02 1.06e+09 
W8-1Q4    1  4  8  4  917.73649 9.22e-03 1.01e+09 
W9-1Q4    1  4  9  4  907.67700 7.16e-03 9.77e+08 
W10-1Q4   1  4 10  4  899.10860 5.31e-03 5.74e+08 
W11-1Q4   1  4 11  4  892.09345 3.73e-03 5.10e+08 
W12-1Q4   1  4 12  4  886.78292 2.38e-03 4.91e+08 
W0-1P4    1  4  0  3 1061.69691 2.63e-02 1.18e+09 
W0-1R4    1  4  0  5 1055.63001 3.47e-02 1.17e+09 
W1-1P4    1  4  1  3 1036.50315 1.10e-02 1.15e+09 
W1-1R4    1  4  1  5 1030.68387 1.15e-02 9.53e+08 
W2-1P4    1  4  2  3 1013.93975 1.86e-03 1.04e+09 
W2-1R4    1  4  2  5 1008.75061 2.42e-03 1.11e+09 
W3-1P4    1  4  3  3  993.36956 1.35e-03 1.09e+09 
W3-1R4    1  4  3  5  988.86528 3.05e-04 1.10e+09 
W4-1P4    1  4  4  3  975.05298 3.55e-03 1.09e+09 
W4-1R4    1  4  4  5  970.98418 3.99e-03 1.06e+09 
W5-1P4    1  4  5  3  958.57278 4.47e-03 1.07e+09 
W5-1R4    1  4  5  5  955.05711 9.83e-03 8.60e+08 
W6-1P4    1  4  6  3  943.82691 3.30e-03 1.01e+09 
W6-1R4    1  4  6  5  940.23164 2.46e-03 9.72e+08 
W7-1P4    1  4  7  3  930.41215 6.68e-03 8.66e+08 
W7-1R4    1  4  7  5  927.46930 4.32e-03 1.02e+09 
W8-1P4    1  4  8  3  918.84360 4.44e-03 9.80e+08 
W8-1R4    1  4  8  5  916.16789 4.57e-03 9.61e+08 
W9-1P4    1  4  9  3  908.67556 3.11e-03 9.63e+08 
W9-1R4    1  4  9  5  906.33590 4.18e-03 8.50e+08 
W10-1P4   1  4 10  3  899.98106 2.18e-03 6.08e+08 
W10-1R4   1  4 10  5  897.98560 3.44e-03 5.60e+08 
W11-1P4   1  4 11  3  892.82279 1.52e-03 5.54e+08 
W11-1R4   1  4 11  5  891.17680 2.50e-03 3.58e+08 
W12-1P4   1  4 12  3  887.34664 9.82e-04 4.44e+08 
W12-1R4   1  4 12  5  886.12677 1.67e-03 2.98e+08 
L0-1P5    1  5  0  4 1179.62713 5.82e-03 1.84e+09 
L0-1R5    1  5  0  6 1173.98120 5.81e-03 1.82e+09 
L1-1P5    1  5  1  4 1161.81356 1.40e-02 1.72e+09 
L1-1R5    1  5  1  6 1156.58776 1.55e-02 1.70e+09 
L2-1P5    1  5  2  4 1144.97777 1.90e-02 1.61e+09 
L2-1R5    1  5  2  6 1140.11318 2.33e-02 1.59e+09 
L3-1P5    1  5  3  4 1129.04346 1.86e-02 1.52e+09 
L3-1R5    1  5  3  6 1124.49738 2.55e-02 1.50e+09 
L4-1P5    1  5  4  4 1113.94933 1.44e-02 1.43e+09 
L4-1R5    1  5  4  6 1109.68874 2.25e-02 1.41e+09 
L5-1P5    1  5  5  4 1099.64173 8.90e-03 1.33e+09 
L5-1R5    1  5  5  6 1095.63970 1.66e-02 1.31e+09 
L6-1P5    1  5  6  4 1086.07244 4.20e-03 1.18e+09 
L6-1R5    1  5  6  6 1082.30660 1.04e-02 1.11e+09 
L7-1P5    1  5  7  4 1073.19950 1.10e-03 9.93e+08 
L7-1R5    1  5  7  6 1069.65028 5.51e-03 9.52e+08 
L8-1P5    1  5  8  4 1060.95674 4.40e-04 7.04e+08 
L8-1R5    1  5  8  6 1057.37139 7.05e-03 8.90e+08 
L9-1P5    1  5  9  4 1049.35924 9.91e-05 6.38e+08 
L9-1R5    1  5  9  6 1046.19090 1.50e-04 6.30e+08 
L10-1P5   1  5 10  4 1038.25503 1.09e-05 6.38e+08 
L10-1R5   1  5 10  6 1035.39444 8.59e-05 6.23e+08 
L11-1P5   1  5 11  4 1027.82476 1.33e-03 5.33e+08 
L11-1R5   1  5 11  6 1024.97926 1.29e-03 4.82e+08 
L12-1P5   1  5 12  4 1017.99562 2.92e-03 5.64e+08 
L12-1R5   1  5 12  6 1015.20214 1.95e-03 4.66e+08 
L13-1P5   1  5 13  4 1008.34049 2.67e-03 4.46e+08 
L13-1R5   1  5 13  6 1005.76555 4.07e-03 4.36e+08 
L14-1P5   1  5 14  4  999.35791 2.72e-03 4.21e+08 
L14-1R5   1  5 14  6  996.91703 4.98e-03 3.95e+08 
L15-1P5   1  5 15  4  990.68508 3.55e-03 3.82e+08 
L15-1R5   1  5 15  6  988.32541 5.14e-03 3.94e+08 
L16-1P5   1  5 16  4  982.53302 2.97e-03 3.58e+08 
L16-1R5   1  5 16  6  980.33401 6.42e-03 3.34e+08 
L17-1P5   1  5 17  4  974.66504 4.09e-03 3.21e+08 
L17-1R5   1  5 17  6  972.37436 2.36e-03 4.70e+08 
L18-1P5   1  5 18  4  967.27562 2.96e-03 3.00e+08 
L18-1R5   1  5 18  6  965.28218 6.29e-03 2.93e+08 
L19-1P5   1  5 19  4  960.09970 4.84e-03 3.09e+08 
L19-1R5   1  5 19  6  958.49202 9.33e-03 3.90e+08 
L20-1P5   1  5 20  4  953.42927 2.75e-03 2.67e+08 
L20-1R5   1  5 20  6  951.61377 5.26e-03 2.69e+08 
L21-1P5   1  5 21  4  946.67789 7.97e-03 6.16e+08 
L21-1R5   1  5 21  6  945.37036 6.94e-03 2.74e+08 
L22-1P5   1  5 22  4  940.86698 2.44e-03 2.38e+08 
L22-1R5   1  5 22  6  939.20480 3.89e-03 2.45e+08 
L23-1P5   1  5 23  4  935.13047 6.63e-04 2.78e+08 
L23-1R5   1  5 23  6  933.54077 5.16e-03 2.27e+08 
L24-1P5   1  5 24  4  929.48681 2.13e-03 2.07e+08 
L24-1R5   1  5 24  6  927.95497 2.46e-03 2.28e+08 
L25-1P5   1  5 25  4  924.27720 9.79e-04 2.06e+08 
L25-1R5   1  5 25  6  922.86126 3.80e-03 1.90e+08 
L26-1P5   1  5 26  4  919.21945 1.82e-03 1.80e+08 
L26-1R5   1  5 26  6  917.78441 1.04e-03 2.63e+08 
L27-1P5   1  5 27  4  914.54450 9.13e-04 1.68e+08 
L27-1R5   1  5 27  6  913.27579 2.76e-03 1.67e+08 
L28-1P5   1  5 28  4  910.03859 1.54e-03 1.66e+08 
L28-1R5   1  5 28  6  908.65104 8.84e-05 3.65e+08 
L29-1P5   1  5 29  4  905.91485 7.47e-04 1.47e+08 
L29-1R5   1  5 29  6  904.79273 1.99e-03 1.49e+08 
L30-1P5   1  5 30  4  901.98776 1.25e-03 1.36e+08 
L30-1R5   1  5 30  6  901.28943 3.84e-03 3.60e+08 
L31-1P5   1  5 31  4  898.48349 5.55e-04 1.20e+08 
L31-1R5   1  5 31  6  897.53112 1.39e-03 1.14e+08 
L32-1P5   1  5 32  4  895.25956 8.87e-04 1.11e+08 
L32-1R5   1  5 32  6  894.65004 2.61e-03 1.65e+08 
L33-1P5   1  5 33  4  892.56666 3.56e-04 8.78e+07 
L33-1R5   1  5 33  6  891.85023 8.48e-04 8.27e+07 
L34-1P5   1  5 34  4  890.38513 5.25e-04 7.16e+07 
L34-1R5   1  5 34  6  889.93902 1.10e-03 7.33e+07 
L35-1P5   1  5 35  4  889.05366 1.44e-04 3.06e+07 
L35-1R5   1  5 35  6  888.76999 1.21e-04 2.18e+07 
L36-1P5   1  5 36  4  888.57966 3.03e-05 8.11e+06 
L36-1R5   1  5 36  6  888.47308 4.76e-05 5.70e+06 
L37-1P5   1  5 37  4  888.41625 1.06e-05 5.34e+06 
W0-1Q5    1  5  0  5 1061.85812 6.61e-02 1.17e+09 
W1-1Q5    1  5  1  5 1036.95006 2.84e-02 1.15e+09 
W2-1Q5    1  5  2  5 1014.55182 2.56e-03 1.13e+09 
W3-1Q5    1  5  3  5  994.39203 1.27e-03 1.11e+09 
W4-1Q5    1  5  4  5  976.24732 7.22e-03 1.10e+09 
W5-1Q5    1  5  5  5  959.94154 1.13e-02 1.08e+09 
W6-1Q5    1  5  6  5  945.33595 1.23e-02 1.07e+09 
W7-1Q5    1  5  7  5  932.32817 1.12e-02 1.06e+09 
W8-1Q5    1  5  8  5  920.84813 9.20e-03 1.00e+09 
W9-1Q5    1  5  9  5  910.86386 7.15e-03 8.93e+08 
W10-1Q5   1  5 10  5  902.39090 5.29e-03 5.72e+08 
W11-1Q5   1  5 11  5  895.50087 3.70e-03 2.56e+08 
W12-1Q5   1  5 12  5  890.36492 2.31e-03 1.75e+08 
W0-1P5    1  5  0  4 1065.08761 2.96e-02 1.17e+09 
W0-1R5    1  5  0  6 1057.94917 2.56e-02 9.52e+08 
W1-1P5    1  5  1  4 1039.89916 1.25e-02 1.13e+09 
W1-1R5    1  5  1  6 1033.09030 1.43e-02 1.13e+09 
W2-1P5    1  5  2  4 1017.00493 7.56e-05 1.03e+09 
W2-1R5    1  5  2  6 1011.06898 1.88e-03 1.11e+09 
W3-1P5    1  5  3  4  996.70648 1.18e-03 1.10e+09 
W3-1R5    1  5  3  6  991.27843 5.26e-04 1.08e+09 
W4-1P5    1  5  4  4  978.38034 3.65e-03 1.08e+09 
W4-1R5    1  5  4  6  973.60413 6.15e-03 9.25e+08 
W5-1P5    1  5  5  4  961.92906 4.17e-03 1.04e+09 
W5-1R5    1  5  5  6  957.13903 1.14e-03 9.54e+08 
W6-1P5    1  5  6  4  947.39073 5.71e-04 7.00e+08 
W6-1R5    1  5  6  6  942.92556 3.88e-03 1.02e+09 
W7-1P5    1  5  7  4  933.81572 6.52e-03 9.95e+08 
W7-1R5    1  5  7  6  930.22953 1.52e-06 7.68e+08 
W8-1P5    1  5  8  4  922.22516 4.61e-03 9.77e+08 
W8-1R5    1  5  8  6  919.06299 5.37e-03 8.87e+08 
W9-1P5    1  5  9  4  912.10251 3.22e-03 9.14e+08 
W9-1R5    1  5  9  6  909.42690 5.06e-03 6.13e+08 
W10-1P5   1  5 10  4  903.47360 2.21e-03 5.90e+08 
W10-1R5   1  5 10  6  900.66916 4.40e-05 3.43e+08 
W11-1P5   1  5 11  4  896.40249 1.53e-03 4.20e+08 
W11-1R5   1  5 11  6  894.14287 1.15e-04 2.19e+08 
W12-1P5   1  5 12  4  891.05618 9.40e-04 3.45e+08 
W12-1R5   1  5 12  6  889.46218 8.14e-04 1.96e+08 
