-----------------------------------------------------
name band level PQR   lambda    f          gamma
A-X   0     0    1    1544.302  0.015390   1.000E9
A-X   0     1    0    1544.392  0.007695   1.000E9
A-X   0     1    1    1544.248  0.007615   1.000E9
A-X   0     2   -1    1544.565  0.001539   1.000E9
A-X   0     2    0    1544.423  0.007614   1.000E9
A-X   0     2    1    1544.208  0.006027   1.000E9
A-X   0     3   -1    1544.687  0.002175   1.000E9
A-X   0     3    0    1544.468  0.007614   1.000E9
A-X   0     3    1    1544.186  0.005266   1.000E9
A-X   0     4   -1    1544.822  0.002510   1.000E9
A-X   0     4    0    1544.531  0.007532   1.000E9
A-X   0     4    1    1544.185  0.004699   1.000E9
A-X   0     5   -1    1544.975  0.002679   1.000E9
A-X   0     5    0    1544.610  0.007451   1.000E9
A-X   0     5    1    1544.209  0.003918   1.000E9
A-X   0     6   -1    1545.150  0.002709   1.000E9
A-X   0     6    0    1544.705  0.007288   1.000E9
A-X   0     6    1    1544.278  0.002692   1.000E9
A-X   1     0    1    1510.407  0.035100   1.000E9
A-X   1     1    0    1510.492  0.017550   1.000E9
A-X   1     1    1    1510.354  0.017550   1.000E9
A-X   1     2   -1    1510.659  0.003510   1.000E9
A-X   1     2    0    1510.522  0.017550   1.000E9
A-X   1     2    1    1510.312  0.014040   1.000E9
A-X   1     3   -1    1510.773  0.005013   1.000E9
A-X   1     3    0    1510.567  0.017550   1.000E9
A-X   1     3    1    1510.291  0.012540   1.000E9
A-X   1     4   -1    1510.899  0.005848   1.000E9
A-X   1     4    0    1510.627  0.017550   1.000E9
A-X   1     4    1    1510.283  0.011700   1.000E9
A-X   1     5   -1    1511.046  0.006379   1.000E9
A-X   1     5    0    1510.102  0.017550   1.000E9
A-X   1     5    1    1510.289  0.011170   1.000E9
A-X   1     6   -1    1511.206  0.006747   1.000E9
A-X   1     6    0    1510.792  0.017550   1.000E9
A-X   1     6    1    1510.310  0.010800   1.000E9
A-X   2     0    1    1478.793  0.040200   1.000E9
A-X   2     1    0    1478.875  0.020100   1.000E9
A-X   2     1    1    1478.744  0.020100   1.000E9
A-X   2     2   -1    1479.035  0.004020   1.000E9
A-X   2     2    0    1478.904  0.020100   1.000E9
A-X   2     2    1    1478.709  0.016080   1.000E9
A-X   2     3   -1    1479.146  0.005742   1.000E9
A-X   2     3    0    1478.950  0.020100   1.000E9
A-X   2     3    1    1478.687  0.014360   1.000E9
A-X   2     4   -1    1479.272  0.006698   1.000E9
A-X   2     4    0    1479.011  0.020100   1.000E9
A-X   2     4    1    1478.685  0.013400   1.000E9
A-X   2     5   -1    1479.411  0.007306   1.000E9
A-X   2     5    0    1479.084  0.020100   1.000E9
A-X   2     5    1    1478.695  0.012790   1.000E9
A-X   2     6   -1    1479.570  0.007727   1.000E9
A-X   2     6    0    1479.179  0.020100   1.000E9
A-X   2     6    1    1478.722  0.012370   1.000E9
A-X   3     0    1    1449.145  0.034700   1.000E9
A-X   3     1    0    1449.223  0.017350   1.000E9
A-X   3     1    1    1449.099  0.017350   1.000E9
A-X   3     2   -1    1449.376  0.003470   1.000E9
A-X   3     2    0    1449.254  0.017350   1.000E9
A-X   3     2    1    1449.069  0.013880   1.000E9
A-X   3     3   -1    1449.485  0.004956   1.000E9
A-X   3     3    0    1449.299  0.017350   1.000E9
A-X   3     3    1    1449.052  0.012390   1.000E9
A-X   3     4   -1    1449.610  0.005782   1.000E9
A-X   3     4    0    1449.362  0.017350   1.000E9
A-X   3     4    1    1449.053  0.011570   1.000E9
A-X   3     5   -1    1449.747  0.006307   1.000E9
A-X   3     5    0    1449.439  0.017350   1.000E9
A-X   3     5    1    1449.070  0.011040   1.000E9
A-X   3     6   -1    1449.903  0.006670   1.000E9
A-X   3     6    0    1449.533  0.017350   1.000E9
A-X   3     6    1    1449.101  0.010680   1.000E9
A-X   4     0    1    1421.340  0.024200   1.000E9
A-X   4     1    0    1421.414  0.012100   1.000E9
A-X   4     1    1    1421.296  0.012100   1.000E9
A-X   4     2   -1    1421.562  0.002420   1.000E9
A-X   4     2    0    1421.444  0.012100   1.000E9
A-X   4     2    1    1421.269  0.009681   1.000E9
A-X   4     3   -1    1421.668  0.003456   1.000E9
A-X   4     3    0    1421.493  0.012100   1.000E9
A-X   4     3    1    1421.259  0.008644   1.000E9
A-X   4     4   -1    1421.789  0.004032   1.000E9
A-X   4     4    0    1421.556  0.012100   1.000E9
A-X   4     4    1    1421.264  0.008067   1.000E9
A-X   4     5   -1    1421.927  0.004398   1.000E9
A-X   4     5    0    1421.635  0.012100   1.000E9
A-X   4     5    1    1421.285  0.007701   1.000E9
A-X   4     6   -1    1422.081  0.004652   1.000E9
A-X   4     6    0    1421.731  0.012100   1.000E9
A-X   4     6    1    1421.321  0.007447   1.000E9
A-X   5     0    1    1395.229  0.014500   1.000E9
A-X   5     1    0    1395.302  0.007250   1.000E9
A-X   5     1    1    1395.191  0.007250   1.000E9
A-X   5     2   -1    1395.444  0.001450   1.000E9
A-X   5     2    0    1395.335  0.007250   1.000E9
A-X   5     2    1    1395.168  0.005800   1.000E9
A-X   5     3   -1    1395.549  0.002071   1.000E9
A-X   5     3    0    1395.383  0.007249   1.000E9
A-X   5     3    1    1395.161  0.005179   1.000E9
A-X   5     4   -1    1395.669  0.002416   1.000E9
A-X   5     4    0    1395.447  0.007249   1.000E9
A-X   5     4    1    1395.169  0.004834   1.000E9
A-X   5     5   -1    1395.806  0.002635   1.000E9
A-X   5     5    0    1395.528  0.007249   1.000E9
A-X   5     5    1    1395.195  0.004614   1.000E9
A-X   5     6   -1    1395.957  0.002787   1.000E9
A-X   5     6    0    1395.624  0.007248   1.000E9
A-X   5     6    1    1395.236  0.004462   1.000E9
A-X   6     0    1    1370.617  0.006521   1.000E9
A-X   6     1    0    1370.687  0.003260   1.000E9
A-X   6     1    1    1370.585  0.003341   1.000E9
A-X   6     2   -1    1370.824  0.000652   1.000E9
A-X   6     2    0    1370.725  0.003341   1.000E9
A-X   6     2    1    1370.571  0.002769   1.000E9
A-X   6     3   -1    1370.931  0.000954   1.000E9
A-X   6     3    0    1370.778  0.003461   1.000E9
A-X   6     3    1    1370.573  0.002559   1.000E9
A-X   6     4   -1    1371.055  0.001154   1.000E9
A-X   6     4    0    1370.849  0.003582   1.000E9
A-X   6     4    1    1370.591  0.002442   1.000E9
A-X   6     5   -1    1371.194  0.001302   1.000E9
A-X   6     5    0    1370.936  0.003662   1.000E9
A-X   6     5    1    1370.626  0.002382   1.000E9
A-X   6     6   -1    1371.351  0.001408   1.000E9
A-X   6     6    0    1371.040  0.003742   1.000E9
A-X   6     6    1    1370.676  0.002353   1.000E9
A-X   7     0    1    1347.575  0.004140   1.000E9
A-X   7     1    0    1347.641  0.002070   1.000E9
A-X   7     1    1    1347.540  0.002070   1.000E9
A-X   7     2   -1    1347.775  0.000414   1.000E9
A-X   7     2    0    1347.675  0.002070   1.000E9
A-X   7     2    1    1347.525  0.001656   1.000E9
A-X   7     3   -1    1347.874  0.000591   1.000E9
A-X   7     3    0    1347.725  0.002070   1.000E9
A-X   7     3    1    1347.523  0.001479   1.000E9
A-X   7     4   -1    1347.992  0.000690   1.000E9
A-X   7     4    0    1347.791  0.002070   1.000E9
A-X   7     4    1    1347.540  0.001380   1.000E9
A-X   7     5   -1    1348.124  0.000752   1.000E9
A-X   7     5    0    1347.874  0.002070   1.000E9
A-X   7     5    1    1347.573  0.001317   1.000E9
A-X   7     6   -1    1348.275  0.000796   1.000E9
A-X   7     6    0    1347.974  0.002069   1.000E9
A-X   7     6    1    1347.623  0.001274   1.000E9
A-X   8     0    1    1325.793  0.002020   1.000E9
A-X   8     1    0    1325.852  0.001010   1.000E9
A-X   8     1    1    1325.764  0.001010   1.000E9
A-X   8     2   -1    1325.987  0.000202   1.000E9
A-X   8     2    0    1325.887  0.001010   1.000E9
A-X   8     2    1    1325.754  0.000808   1.000E9
A-X   8     3   -1    1326.087  0.000289   1.000E9
A-X   8     3    0    1325.939  0.001010   1.000E9
A-X   8     3    1    1325.758  0.000722   1.000E9
A-X   8     4   -1    1326.206  0.000337   1.000E9
A-X   8     4    0    1326.009  0.001010   1.000E9
A-X   8     4    1    1325.778  0.000673   1.000E9
A-X   8     5   -1    1326.340  0.000367   1.000E9
A-X   8     5    0    1326.099  0.001010   1.000E9
A-X   8     5    1    1325.818  0.000643   1.000E9
A-X   8     6   -1    1326.489  0.000388   1.000E9
A-X   8     6    0    1326.203  0.001010   1.000E9
A-X   8     6    1    1325.874  0.000621   1.000E9
A-X   9     0    1    1305.291  0.000950   1.000E9
A-X   9     1    0    1305.354  0.000475   1.000E9
A-X   9     1    1    1305.262  0.000475   1.000E9
A-X   9     2   -1    1305.479  0.000095   1.000E9
A-X   9     2    0    1305.387  0.000475   1.000E9
A-X   9     2    1    1305.253  0.000380   1.000E9
A-X   9     3   -1    1305.576  0.000136   1.000E9
A-X   9     3    0    1305.440  0.000475   1.000E9
A-X   9     3    1    1305.259  0.000339   1.000E9
A-X   9     4   -1    1305.691  0.000158   1.000E9
A-X   9     4    0    1305.508  0.000475   1.000E9
A-X   9     4    1    1305.282  0.000317   1.000E9
A-X   9     5   -1    1305.823  0.000173   1.000E9
A-X   9     5    0    1305.595  0.000475   1.000E9
A-X   9     5    1    1305.323  0.000302   1.000E9
A-X   9     6   -1    1305.971  0.000183   1.000E9
A-X   9     6    0    1305.698  0.000475   1.000E9
A-X   9     6    1    1305.380  0.000292   1.000E9
