-----------------------------------------------------
name band level PQR   lambda      f           gamma
C-X   0     0    1    1087.86761  0.114       5.600E8
C-X   0     1   -1    1087.95910  0.0380      5.600E8
C-X   0     1    1    1087.82110  0.0761      5.600E8
C-X   0     2   -1    1088.00408  0.0457      5.600E8
C-X   0     2    1    1087.77413  0.0685      5.600E8
C-X   0     3   -1    1088.04871  0.0489      5.600E8
C-X   0     3    1    1087.72668  0.0652      5.600E8
C-X   0     4   -1    1088.09263  0.0507      5.600E8
C-X   0     4    1    1087.67876  0.0634      5.600E8
C-X   0     5   -1    1088.13620  0.0519      5.600E8
C-X   0     5    1    1087.63014  0.0623      5.600E8
C-X   0     6   -1    1088.179    0.05431     5.600E8
C-X   0     6    1    1087.581    0.06340     5.600E8
E-X   0     0    1    1076.03361  0.0644      1.096E9 
E-X   0     1    0    1076.07891  0.0322      1.096E9 
E-X   0     1    1    1075.98718  0.0322      1.096E9 
E-X   0     2   -1    1076.16713  0.00644     1.096E9 
E-X   0     2    0    1076.07751  0.0322      1.096E9
E-X   0     2    1    1075.93960  0.0258      1.096E9
E-X   0     3   -1    1076.20975  0.0092      1.096E9
E-X   0     3    0    1076.07540  0.0322      1.096E9
E-X   0     3    1    1075.89133  0.0230      1.096E9
E-X   0     4   -1    1076.25133  0.0107      1.096E9
E-X   0     4    0    1076.07261  0.0322      1.096E9
E-X   0     4    1    1075.84202  0.0215      1.096E9
E-X   0     5   -1    1076.29199  0.0117      1.096E9 
E-X   0     5    0    1076.06913  0.0322      1.096E9 
E-X   0     5    1    1075.79167  0.0205      1.096E9 
E-X   0     6   -1    1076.332    0.00702     1.096E9 
E-X   0     6    0    1076.065    0.01825     1.096E9
E-X   0     6    1    1075.740    0.01123     1.096E9
B-X   0     0    1    1150.48254  0.00662     3.400E7  
B-X   0     1   -1    1150.58513  0.00221     3.400E7  
B-X   0     1    1    1150.43039  0.00441     3.400E7  
B-X   0     2   -1    1150.63531  0.00265     3.400E7  
B-X   0     2    1    1150.37746  0.00397     3.400E7  
B-X   0     3   -1    1150.68482  0.00284     3.400E7  
B-X   0     3    1    1150.32399  0.00378     3.400E7  
B-X   0     4   -1    1150.73368  0.00294     3.400E7  
B-X   0     4    1    1150.26961  0.00368     3.400E7  
B-X   0     5   -1    1150.78202  0.00301     3.400E7  
B-X   0     5    1    1150.21457  0.00361     3.400E7   
A-X   0     0    1    1544.44965  0.015820    1.000E8
A-X   0     1    0    1544.54133  0.007908    1.000E8
A-X   0     1    1    1544.38952  0.007893    1.000E8
A-X   0     2   -1    1544.72485  0.001582    1.000E8
A-X   0     2    0    1544.57263  0.007893    1.000E8
A-X   0     2    1    1544.34528  0.006294    1.000E8
A-X   0     3   -1    1544.84819  0.002255    1.000E8
A-X   0     3    0    1544.61950  0.007868    1.000E8
A-X   0     3    1    1544.31734  0.005590    1.000E8
A-X   0     4   -1    1544.98742  0.002623    1.000E8
A-X   0     4    0    1544.68226  0.007826    1.000E8
A-X   0     4    1    1544.30586  0.005168    1.000E8
A-X   0     5   -1    1545.14298  0.002846    1.000E8
A-X   0     5    0    1544.76096  0.007753    1.000E8
A-X   0     5    1    1544.31235  0.004847    1.000E8
A-X   0     6   -1    1545.314    0.00298     1.000E8
A-X   0     6    0    1544.855    0.00776     1.000E8
A-X   0     6    1    1544.338    0.00450     1.000E8
A-X   1     0    1    1509.74781  0.02835     0.960E8
A-X   1     1    0    1509.83545  0.01417     0.960E8
A-X   1     1    1    1509.69595  0.01439     0.960E8
A-X   1     2   -1    1510.01077  0.002835    0.960E8
A-X   1     2    0    1509.87124  0.01439     0.960E8
A-X   1     2    1    1509.66147  0.01174     0.960E8
A-X   1     3   -1    1510.13424  0.004111    0.960E8
A-X   1     3    0    1509.92437  0.01468     0.960E8
A-X   1     3    1    1509.64364  0.01072     0.960E8
A-X   1     4   -1    1510.27510  0.004893    0.960E8
A-X   1     4    0    1509.99415  0.01501     0.960E8
A-X   1     4    1    1509.64196  0.01023     0.960E8
A-X   1     5   -1    1510.43261  0.005458    0.960E8
A-X   1     5    0    1510.08008  0.01535     0.960E8
A-X   1     5    1    1509.65592  0.009969    0.960E8
A-X   1     6   -1    1510.606    0.00606     0.960E8
A-X   1     6    0    1510.181    0.01610     0.960E8
A-X   1     6    1    1509.684    0.01009     0.960E8
A-X   2     0    1    1477.56549  0.04151     1.030E8
A-X   2     1    0    1477.64944  0.02075     1.030E8
A-X   2     1    1    1477.51338  0.02075     1.030E8
A-X   2     2   -1    1477.81737  0.004151    1.030E8
A-X   2     2    0    1477.68137  0.02075     1.030E8
A-X   2     2    1    1477.47721  0.01660     1.030E8
A-X   2     3   -1    1477.93318  0.00593     1.030E8
A-X   2     3    0    1477.72920  0.02075     1.030E8
A-X   2     3    1    1477.45705  0.01482     1.030E8
A-X   2     4   -1    1478.06494  0.006918    1.030E8
A-X   2     4    0    1477.79304  0.02075     1.030E8
A-X   2     4    1    1477.45279  0.01384     1.030E8
A-X   2     5   -1    1478.21273  0.007547    1.030E8
A-X   2     5    0    1477.87294  0.02075     1.030E8
A-X   2     5    1    1477.46449  0.01321     1.030E8
A-X   2     6   -1    1478.376    0.00772     1.030E8
A-X   2     6    0    1477.969    0.01989     1.030E8
A-X   2     6    1    1477.492    0.01235     1.030E8
A-X   3     0    1    1447.35311  0.03651     1.040E8
A-X   3     1    0    1447.43368  0.01825     1.040E8
A-X   3     1    1    1447.30514  0.01825     1.040E8
A-X   3     2   -1    1447.59479  0.003651    1.040E8
A-X   3     2    0    1447.46624  0.01825     1.040E8
A-X   3     2    1    1447.27343  0.01460     1.040E8
A-X   3     3   -1    1447.70795  0.005216    1.040E8
A-X   3     3    0    1447.51507  0.01825     1.040E8
A-X   3     3    1    1447.25798  0.01304     1.040E8
A-X   3     4   -1    1447.83737  0.006085    1.040E8
A-X   3     4    0    1447.58021  0.01826     1.040E8
A-X   3     4    1    1447.25885  0.01217     1.040E8
A-X   3     5   -1    1447.98308  0.006639    1.040E8
A-X   3     5    0    1447.66165  0.01826     1.040E8
A-X   3     5    1    1447.27595  0.01162     1.040E8
A-X   3     6   -1    1447.144    0.00665     1.040E8
A-X   3     6    0    1447.758    0.01730     1.040E8
A-X   3     6    1    1447.308    0.01065     1.040E8
A-X   4     0    1    1419.04491  0.02448     1.060E8
A-X   4     1    0    1419.12198  0.01224     1.060E8
A-X   4     1    1    1419.00170  0.01229     1.060E8
A-X   4     2   -1    1419.27723  0.002448    1.060E8
A-X   4     2    0    1419.15561  0.01229     1.060E8
A-X   4     2    1    1418.97534  0.009888    1.060E8
A-X   4     3   -1    1419.38890  0.003513    1.060E8
A-X   4     3    0    1419.20618  0.01236     1.060E8
A-X   4     3    1    1418.96575  0.008876    1.060E8
A-X   4     4   -1    1419.51744  0.004120    1.060E8
A-X   4     4    0    1419.27367  0.01243     1.060E8
A-X   4     4    1    1418.97285  0.008448    1.060E8
A-X   4     5   -1    1419.66277  0.004519    1.060E8
A-X   4     5    0    1419.35858  0.01249     1.060E8
A-X   4     5    1    1418.99625  0.007977    1.060E8
A-X   4     6   -1    1419.824    0.00457     1.060E8
A-X   4     6    0    1419.458    0.01184     1.060E8
A-X   4     6    1    1419.036    0.00737     1.060E8
A-X   5     0    1    1392.52551  0.01582     1.090E8
A-X   5     1    0    1392.60017  0.007912    1.090E8
A-X   5     1    1    1392.48517  0.007912    1.090E8
A-X   5     2   -1    1392.74951  0.001582    1.090E8
A-X   5     2    0    1392.63391  0.007912    1.090E8
A-X   5     2    1    1392.46133  0.006330    1.090E8
A-X   5     3   -1    1392.85776  0.002261    1.090E8
A-X   5     3    0    1392.68473  0.007912    1.090E8
A-X   5     3    1    1392.45435  0.005652    1.090E8
A-X   5     4   -1    1392.98290  0.002637    1.090E8 
A-X   5     4    0    1392.75203  0.007912    1.090E8 
A-X   5     4    1    1392.46365  0.005275    1.090E8 
A-X   5     5   -1    1393.12476  0.002877    1.090E8 
A-X   5     5    0    1392.83642  0.007912    1.090E8 
A-X   5     5    1    1392.49041  0.005035    1.090E8 
A-X   5     6   -1    1393.283    0.00279     1.090E8 
A-X   5     6    0    1392.937    0.00725     1.090E8 
A-X   5     6    1    1392.533    0.00446     1.090E8 
A-X   6     0    1    1367.62386  0.009501    1.100E8
A-X   6     1    0    1367.69587  0.004750    1.100E8
A-X   6     1    1    1367.58645  0.004746    1.100E8
A-X   6     2   -1    1367.83936  0.0009501   1.100E8
A-X   6     2    0    1367.73029  0.004746    1.100E8
A-X   6     2    1    1367.56681  0.003789    1.100E8
A-X   6     3   -1    1367.94620  0.001356    1.100E8
A-X   6     3    0    1367.78248  0.004736    1.100E8
A-X   6     3    1    1367.56494  0.003371    1.100E8
A-X   6     4   -1    1368.07047  0.001579    1.100E8
A-X   6     4    0    1367.85264  0.004720    1.100E8
A-X   6     4    1    1367.58065  0.003121    1.100E8
A-X   6     5   -1    1368.21216  0.001716    1.100E8
A-X   6     5    0    1367.94040  0.004682    1.100E8
A-X   6     5    1    1367.61544  0.002902    1.100E8
A-X   6     6   -1    1368.371    0.00151     1.100E8
A-X   6     6    0    1368.047    0.00381     1.100E8
A-X   6     6    1    1367.675    0.00193     1.100E8
A-X   7     0    1    1344.18593  0.005354    1.120E8
A-X   7     1    0    1344.25550  0.002677    1.120E8
A-X   7     1    1    1344.15142  0.002677    1.120E8
A-X   7     2   -1    1344.39411  0.0005354   1.120E8
A-X   7     2    0    1344.29056  0.002677    1.120E8 
A-X   7     2    1    1344.13426  0.002142    1.120E8 
A-X   7     3   -1    1344.49877  0.0007649   1.120E8 
A-X   7     3    0    1344.34278  0.002677    1.120E8 
A-X   7     3    1    1344.13480  0.001912    1.120E8 
A-X   7     4   -1    1344.62098  0.0008923   1.120E8 
A-X   7     4    0    1344.41273  0.002677    1.120E8 
A-X   7     4    1    1344.15233  0.001785    1.120E8 
A-X   7     5   -1    1344.76003  0.0009735   1.120E8 
A-X   7     5    0    1344.49985  0.002677    1.120E8 
A-X   7     5    1    1344.18756  0.001704    1.120E8 
A-X   7     6   -1    1344.917    0.00080     1.120E8 
A-X   7     6    0    1344.604    0.00207     1.120E8 
A-X   7     6    1    1344.240    0.00127     1.120E8 
A-X   8     0    1    1322.15058  0.002636    1.120E8
A-X   8     1    0    1322.21754  0.001318    1.120E8
A-X   8     1    1    1322.11912  0.001318    1.120E8
A-X   8     2   -1    1322.35252  0.0002636   1.120E8
A-X   8     2    0    1322.25355  0.001318    1.120E8
A-X   8     2    1    1322.10531  0.001054    1.120E8
A-X   8     3   -1    1322.45534  0.0003766   1.120E8
A-X   8     3    0    1322.30671  0.001318    1.120E8
A-X   8     3    1    1322.10898  0.0009414   1.120E8
A-X   8     4   -1    1322.57585  0.0004393   1.120E8
A-X   8     4    0    1322.37822  0.001318    1.120E8
A-X   8     4    1    1322.13118  0.0008787   1.120E8
A-X   8     5   -1    1322.71423  0.0004793   1.120E8
A-X   8     5    0    1322.46724  0.001318    1.120E8
A-X   8     5    1    1322.17069  0.0008387   1.120E8
A-X   8     6   -1    1322.870    0.00039     1.120E8
A-X   8     6    0    1322.573    0.00100     1.120E8
A-X   8     6    1    1322.227    0.00062     1.120E8
A-X   9     0    1    1301.40162  0.001294    1.120E8
A-X   9     1    0    1301.46598  0.000647    1.120E8
A-X   9     1    1    1301.37300  0.000647    1.120E8
A-X   9     2   -1    1301.59659  0.0001294   1.120E8
A-X   9     2    0    1301.50274  0.000647    1.120E8
A-X   9     2    1    1301.36148  0.0005176   1.120E8
A-X   9     3   -1    1301.69740  0.000185    1.120E8
A-X   9     3    0    1301.55746  0.000647    1.120E8
A-X   9     3    1    1301.36894  0.0004621   1.120E8
A-X   9     4   -1    1301.81873  0.0002157   1.120E8
A-X   9     4    0    1301.62946  0.000647    1.120E8
A-X   9     4    1    1301.39349  0.0004313   1.120E8
A-X   9     5   -1    1301.95399  0.0002353   1.120E8
A-X   9     5    0    1301.71892  0.000647    1.120E8
A-X   9     5    1    1301.43702  0.0004117   1.120E8
d-X   5     0    1    1510.34131  0.00570     0.180E8 
d-X   5     1    0    1510.42893  0.00285     0.160E8                                               
d-X   5     1    1    1510.30590  0.00264     0.160E8                                              
d-X   5     2   -1    1510.60448  0.000570    0.140E8                                              
d-X   5     2    0    1510.48138  0.00264     0.140E8 
d-X   5     2    1    1510.29756  0.00188     0.140E8 
d-X   5     3   -1    1510.74454  0.000753    0.130E8 
d-X   5     3    0    1510.56071  0.002350    0.130E8 
d-X   5     3    1    1510.31694  0.001450    0.130E8 
d-X   5     4   -1    1510.91169  0.000784    0.100E8 
d-X   5     4    0    1510.66783  0.002020    0.100E8 
d-X   5     4    1    1510.36485  0.001130    0.100E8 
d-X   5     5   -1    1510.10612  0.000736    0.090E8 
d-X   5     5    0    1510.80354  0.001690    0.090E8 
d-X   5     5    1    1510.44207  0.000876    0.090E8