-----------------------------------------------------
name band level PQR   lambda      f           gamma
A-X   0     0     R   1544.448    1.579E-2    1.000E9
A-X   0     1     Q   1544.540    7.896E-3    1.000E9
A-X   0     1     R   1544.388    7.880E-3    1.000E9
A-X   0     2     P   1544.724    1.578E-3    1.000E9
A-X   0     2     Q   1544.571    7.886E-3    1.000E9
A-X   0     2     R   1544.345    6.284E-3    1.000E9
A-X   0     3     P   1544.847    2.251E-3    1.000E9
A-X   0     3     Q   1544.619    7.870E-3    1.000E9
A-X   0     3     R   1544.316    5.580E-3    1.000E9
A-X   0     4     P   1544.987    2.617E-3    1.000E9
A-X   0     4     Q   1544.681    7.846E-3    1.000E9
A-X   0     4     R   1544.305    5.160E-3    1.000E9
A-X   0     5     P   1545.142    2.839E-3    1.000E9
A-X   0     5     Q   1544.760    7.812E-3    1.000E9
A-X   0     5     R   1544.312    4.839E-3    1.000E9
A-X   0     6     P   1545.314    2.975E-3    1.000E9
A-X   0     6     Q   1544.855    7.759E-3    1.000E9
A-X   0     6     R   1544.338    4.501E-3    1.000E9
A-X   1     0     R   1509.748    2.913E-2    1.000E9
A-X   1     1     Q   1509.835    1.457E-2    1.000E9
A-X   1     1     R   1509.695    1.479E-2    1.000E9
A-X   1     2     P   1510.011    2.913E-3    1.000E9
A-X   1     2     Q   1509.871    1.479E-2    1.000E9
A-X   1     2     R   1509.661    1.207E-2    1.000E9
A-X   1     3     P   1510.134    4.224E-3    1.000E9
A-X   1     3     Q   1509.924    1.508E-2    1.000E9
A-X   1     3     R   1509.643    1.102E-2    1.000E9
A-X   1     4     P   1510.275    5.027E-3    1.000E9
A-X   1     4     Q   1509.994    1.542E-2    1.000E9
A-X   1     4     R   1509.641    1.052E-2    1.000E9
A-X   1     5     P   1510.432    5.607E-3    1.000E9
A-X   1     5     Q   1510.080    1.577E-2    1.000E9
A-X   1     5     R   1509.655    1.025E-2    1.000E9
A-X   1     6     P   1510.606    6.063E-3    1.000E9
A-X   1     6     Q   1510.181    1.610E-2    1.000E9
A-X   1     6     R   1509.684    1.009E-2    1.000E9
A-X   2     0     R   1477.565    4.014E-2    1.000E9
A-X   2     1     Q   1477.648    2.007E-2    1.000E9
A-X   2     1     R   1477.513    2.007E-2    1.000E9
A-X   2     2     P   1477.817    4.013E-3    1.000E9
A-X   2     2     Q   1477.680    2.006E-2    1.000E9
A-X   2     2     R   1477.477    1.606E-2    1.000E9
A-X   2     3     P   1477.933    5.733E-3    1.000E9
A-X   2     3     Q   1477.729    2.006E-2    1.000E9
A-X   2     3     R   1477.456    1.434E-2    1.000E9
A-X   2     4     P   1478.065    6.687E-3    1.000E9
A-X   2     4     Q   1477.792    2.005E-2    1.000E9
A-X   2     4     R   1477.452    1.338E-2    1.000E9
A-X   2     5     P   1478.212    7.295E-3    1.000E9
A-X   2     5     Q   1477.872    2.002E-2    1.000E9
A-X   2     5     R   1477.463    1.277E-2    1.000E9
A-X   2     6     P   1478.376    7.715E-3    1.000E9
A-X   2     6     Q   1477.969    1.989E-2    1.000E9
A-X   2     6     R   1477.492    1.235E-2    1.000E9
A-X   3     0     R   1447.352    3.460E-2    1.000E9
A-X   3     1     Q   1447.433    1.730E-2    1.000E9
A-X   3     1     R   1447.304    1.730E-2    1.000E9
A-X   3     2     P   1447.594    3.459E-3    1.000E9
A-X   3     2     Q   1447.465    1.730E-2    1.000E9
A-X   3     2     R   1447.273    1.384E-2    1.000E9
A-X   3     3     P   1447.707    4.942E-3    1.000E9
A-X   3     3     Q   1447.514    1.730E-2    1.000E9
A-X   3     3     R   1447.257    1.236E-2    1.000E9
A-X   3     4     P   1447.837    5.765E-3    1.000E9
A-X   3     4     Q   1447.579    1.730E-2    1.000E9
A-X   3     4     R   1447.258    1.154E-2    1.000E9
A-X   3     5     P   1447.982    6.289E-3    1.000E9
A-X   3     5     Q   1447.661    1.730E-2    1.000E9
A-X   3     5     R   1447.275    1.101E-2    1.000E9
A-X   3     6     P   1448.144    6.652E-3    1.000E9
A-X   3     6     Q   1447.758    1.730E-2    1.000E9
A-X   3     6     R   1447.308    1.065E-2    1.000E9
A-X   4     0     R   1419.044    2.331E-2    1.000E9
A-X   4     1     Q   1419.121    1.162E-2    1.000E9
A-X   4     1     R   1419.001    1.171E-2    1.000E9
A-X   4     2     P   1419.277    2.331E-3    1.000E9
A-X   4     2     Q   1419.155    1.163E-2    1.000E9
A-X   4     2     R   1418.975    9.419E-3    1.000E9
A-X   4     3     P   1419.389    3.345E-3    1.000E9
A-X   4     3     Q   1419.206    1.166E-2    1.000E9
A-X   4     3     R   1418.966    8.454E-3    1.000E9
A-X   4     4     P   1419.517    3.923E-3    1.000E9
A-X   4     4     Q   1419.273    1.171E-2    1.000E9
A-X   4     4     R   1418.972    7.929E-3    1.000E9
A-X   4     5     P   1419.663    4.302E-3    1.000E9
A-X   4     5     Q   1419.357    1.178E-2    1.000E9
A-X   4     5     R   1418.996    7.598E-3    1.000E9
A-X   4     6     P   1419.824    4.571E-3    1.000E9
A-X   4     6     Q   1419.458    1.184E-2    1.000E9
A-X   4     6     R   1419.036    7.371E-3    1.000E9
A-X   5     0     R   1392.525    1.450E-2    1.000E9
A-X   5     1     Q   1392.600    7.248E-3    1.000E9
A-X   5     1     R   1392.484    7.249E-3    1.000E9
A-X   5     2     P   1392.749    1.450E-3    1.000E9
A-X   5     2     Q   1392.633    7.248E-3    1.000E9
A-X   5     2     R   1392.459    5.799E-3    1.000E9
A-X   5     3     P   1392.857    2.071E-3    1.000E9
A-X   5     3     Q   1392.683    7.248E-3    1.000E9
A-X   5     3     R   1392.453    5.178E-3    1.000E9
A-X   5     4     P   1392.982    2.415E-3    1.000E9
A-X   5     4     Q   1392.751    7.248E-3    1.000E9
A-X   5     4     R   1392.463    4.833E-3    1.000E9
A-X   5     5     P   1393.124    2.635E-3    1.000E9
A-X   5     5     Q   1392.835    7.247E-3    1.000E9
A-X   5     5     R   1392.489    4.613E-3    1.000E9
A-X   5     6     P   1393.283    2.787E-3    1.000E9
A-X   5     6     Q   1392.937    7.247E-3    1.000E9
A-X   5     6     R   1392.533    4.461E-3    1.000E9
A-X   6     0     R   1367.623    7.945E-3    1.000E9
A-X   6     1     Q   1367.696    3.972E-3    1.000E9
A-X   6     1     R   1367.586    3.969E-3    1.000E9
A-X   6     2     P   1367.839    7.944E-4    1.000E9
A-X   6     2     Q   1367.730    3.968E-3    1.000E9
A-X   6     2     R   1367.566    3.169E-3    1.000E9
A-X   6     3     P   1367.946    1.134E-3    1.000E9
A-X   6     3     Q   1367.782    3.960E-3    1.000E9
A-X   6     3     R   1367.564    2.819E-3    1.000E9
A-X   6     4     P   1368.070    1.320E-3    1.000E9
A-X   6     4     Q   1367.852    3.945E-3    1.000E9
A-X   6     4     R   1367.580    2.610E-3    1.000E9
A-X   6     5     P   1368.212    1.435E-3    1.000E9
A-X   6     5     Q   1367.940    3.913E-3    1.000E9
A-X   6     5     R   1367.616    2.427E-3    1.000E9
A-X   6     6     P   1368.371    1.505E-3    1.000E9
A-X   6     6     Q   1368.047    3.811E-3    1.000E9
A-X   6     6     R   1367.675    1.929E-3    1.000E9
A-X   7     0     R   1344.186    4.140E-3    1.000E9
A-X   7     1     Q   1344.255    2.070E-3    1.000E9
A-X   7     1     R   1344.151    2.070E-3    1.000E9
A-X   7     2     P   1344.394    4.140E-4    1.000E9
A-X   7     2     Q   1344.290    2.070E-3    1.000E9
A-X   7     2     R   1344.134    1.656E-3    1.000E9
A-X   7     3     P   1344.498    5.913E-4    1.000E9
A-X   7     3     Q   1344.342    2.070E-3    1.000E9
A-X   7     3     R   1344.133    1.479E-3    1.000E9
A-X   7     4     P   1344.621    6.898E-4    1.000E9
A-X   7     4     Q   1344.413    2.070E-3    1.000E9
A-X   7     4     R   1344.153    1.380E-3    1.000E9
A-X   7     5     P   1344.759    7.524E-4    1.000E9
A-X   7     5     Q   1344.499    2.070E-3    1.000E9
A-X   7     5     R   1344.188    1.317E-3    1.000E9
A-X   7     6     P   1344.917    7.958E-4    1.000E9
A-X   7     6     Q   1344.604    2.069E-3    1.000E9
A-X   7     6     R   1344.240    1.274E-3    1.000E9
A-X   8     0     R   1322.150    2.004E-3    1.000E9
A-X   8     1     Q   1322.217    1.002E-3    1.000E9
A-X   8     1     R   1322.119    1.002E-3    1.000E9
A-X   8     2     P   1322.351    2.004E-4    1.000E9
A-X   8     2     Q   1322.253    1.003E-3    1.000E9
A-X   8     2     R   1322.105    8.024E-4    1.000E9
A-X   8     3     P   1322.455    2.862E-4    1.000E9
A-X   8     3     Q   1322.306    1.004E-3    1.000E9
A-X   8     3     R   1322.108    7.164E-4    1.000E9
A-X   8     4     P   1322.575    3.342E-4    1.000E9
A-X   8     4     Q   1322.377    1.004E-3    1.000E9
A-X   8     4     R   1322.130    6.687E-4    1.000E9
A-X   8     5     P   1322.714    3.646E-4    1.000E9
A-X   8     5     Q   1322.467    1.004E-3    1.000E9
A-X   8     5     R   1322.169    6.389E-4    1.000E9
A-X   8     6     P   1322.870    3.855E-4    1.000E9
A-X   8     6     Q   1322.573    1.005E-3    1.000E9
A-X   8     6     R   1322.227    6.178E-4    1.000E9
A-X   9     0     R   1301.403    9.500E-4    1.000E9
A-X   9     1     Q   1301.468    4.750E-4    1.000E9
A-X   9     1     R   1301.374    4.750E-4    1.000E9
A-X   9     2     P   1301.598    9.499E-5    1.000E9
A-X   9     2     Q   1301.505    4.750E-4    1.000E9
A-X   9     2     R   1301.364    3.800E-4    1.000E9
A-X   9     3     P   1301.700    1.357E-4    1.000E9
A-X   9     3     Q   1301.559    4.750E-4    1.000E9
A-X   9     3     R   1301.370    3.393E-4    1.000E9
A-X   9     4     P   1301.820    1.583E-4    1.000E9
A-X   9     4     Q   1301.631    4.749E-4    1.000E9
A-X   9     4     R   1301.396    3.167E-4    1.000E9
A-X   9     5     P   1301.957    1.727E-4    1.000E9
A-X   9     5     Q   1301.722    4.749E-4    1.000E9
A-X   9     5     R   1301.438    3.023E-4    1.000E9
A-X   9     6     P   1302.113    1.826E-4    1.000E9
A-X   9     6     Q   1301.829    4.749E-4    1.000E9
A-X   9     6     R   1301.500    2.923E-4    1.000E9
A-X   10    0     R   1281.866    4.096E-4    1.000E9
A-X   10    1     Q   1281.929    2.048E-4    1.000E9
A-X   10    1     R   1281.838    2.048E-4    1.000E9
A-X   10    2     P   1282.055    4.095E-5    1.000E9
A-X   10    2     Q   1281.964    2.048E-4    1.000E9
A-X   10    2     R   1281.831    1.637E-4    1.000E9
A-X   10    3     P   1282.154    5.850E-5    1.000E9
A-X   10    3     Q   1282.020    2.046E-4    1.000E9
A-X   10    3     R   1281.840    1.461E-4    1.000E9
A-X   10    4     P   1282.273    6.818E-5    1.000E9
A-X   10    4     Q   1282.093    2.046E-4    1.000E9
A-X   10    4     R   1281.868    1.364E-4    1.000E9
A-X   10    5     P   1282.409    7.437E-5    1.000E9
A-X   10    5     Q   1282.184    2.045E-4    1.000E9
A-X   10    5     R   1281.914    1.302E-4    1.000E9
A-X   10    6     P   1282.563    7.865E-5    1.000E9
A-X   10    6     Q   1282.294    2.045E-4    1.000E9
A-X   10    6     R   1281.979    1.259E-4    1.000E9
A-X   11    0     R   1263.433    1.800E-4    1.000E9
A-X   11    1     Q   1263.494    9.000E-5    1.000E9
A-X   11    1     R   1263.409    9.000E-5    1.000E9
A-X   11    2     P   1263.617    1.800E-5    1.000E9
A-X   11    2     Q   1263.532    9.000E-5    1.000E9
A-X   11    2     R   1263.403    7.200E-5    1.000E9
A-X   11    3     P   1263.716    2.571E-5    1.000E9
A-X   11    3     Q   1263.587    8.999E-5    1.000E9
A-X   11    3     R   1263.416    6.429E-5    1.000E9
A-X   11    4     P   1263.833    2.999E-5    1.000E9
A-X   11    4     Q   1263.661    8.999E-5    1.000E9
A-X   11    4     R   1263.447    6.000E-5    1.000E9
A-X   11    5     P   1263.968    3.271E-5    1.000E9
A-X   11    5     Q   1263.754    8.998E-5    1.000E9
A-X   11    5     R   1263.498    5.727E-5    1.000E9
A-X   11    6     P   1264.123    3.460E-5    1.000E9
A-X   11    6     Q   1263.866    8.997E-5    1.000E9
A-X   11    6     R   1263.567    5.538E-5    1.000E9
A-X   12    0     R   1246.059    9.000E-5    1.000E9
A-X   12    1     Q   1246.119    4.500E-5    1.000E9
A-X   12    1     R   1246.036    4.500E-5    1.000E9
A-X   12    2     P   1246.238    8.999E-6    1.000E9
A-X   12    2     Q   1246.156    4.500E-5    1.000E9
A-X   12    2     R   1246.033    3.600E-5    1.000E9
A-X   12    3     P   1246.335    1.285E-5    1.000E9
A-X   12    3     Q   1246.212    4.500E-5    1.000E9
A-X   12    3     R   1246.049    3.214E-5    1.000E9
A-X   12    4     P   1246.451    1.500E-5    1.000E9
A-X   12    4     Q   1246.288    4.499E-5    1.000E9
A-X   12    4     R   1246.084    3.000E-5    1.000E9
A-X   12    5     P   1246.586    1.636E-5    1.000E9
A-X   12    5     Q   1246.383    4.499E-5    1.000E9
A-X   12    5     R   1246.137    2.864E-5    1.000E9
A-X   12    6     P   1246.741    1.730E-5    1.000E9
A-X   12    6     Q   1246.495    4.499E-5    1.000E9
A-X   12    6     R   1246.209    2.769E-5    1.000E9
A-X   13    0     R   1229.668    3.469E-5    1.000E9
A-X   13    1     Q   1229.726    1.735E-5    1.000E9
A-X   13    1     R   1229.647    1.735E-5    1.000E9
A-X   13    2     P   1229.842    3.469E-6    1.000E9
A-X   13    2     Q   1229.764    1.735E-5    1.000E9
A-X   13    2     R   1229.648    1.388E-5    1.000E9
A-X   13    3     P   1229.938    4.955E-6    1.000E9
A-X   13    3     Q   1229.822    1.734E-5    1.000E9
A-X   13    3     R   1229.667    1.239E-5    1.000E9
A-X   13    4     P   1230.055    5.780E-6    1.000E9
A-X   13    4     Q   1229.899    1.734E-5    1.000E9
A-X   13    4     R   1229.704    1.156E-5    1.000E9
A-X   13    5     P   1230.190    6.305E-6    1.000E9
A-X   13    5     Q   1229.995    1.734E-5    1.000E9
A-X   13    5     R   1229.761    1.104E-5    1.000E9
A-X   13    6     P   1230.344    6.668E-6    1.000E9
A-X   13    6     Q   1230.110    1.734E-5    1.000E9
A-X   13    6     R   1229.838    1.067E-5    1.000E9
A-X   14    0     R   1214.227    1.439E-5    1.000E9
A-X   14    1     Q   1214.283    7.195E-6    1.000E9
A-X   14    1     R   1214.211    7.196E-6    1.000E9
A-X   14    2     P   1214.397    1.439E-6    1.000E9
A-X   14    2     Q   1214.325    7.195E-6    1.000E9
A-X   14    2     R   1214.213    5.756E-6    1.000E9
A-X   14    3     P   1214.495    2.055E-6    1.000E9
A-X   14    3     Q   1214.383    7.195E-6    1.000E9
A-X   14    3     R   1214.232    5.140E-6    1.000E9
A-X   14    4     P   1214.610    2.398E-6    1.000E9
A-X   14    4     Q   1214.459    7.194E-6    1.000E9
A-X   14    4     R   1214.273    4.797E-6    1.000E9
A-X   14    5     P   1214.743    2.615E-6    1.000E9
A-X   14    5     Q   1214.556    7.194E-6    1.000E9
A-X   14    5     R   1214.332    4.579E-6    1.000E9
A-X   14    6     P   1214.896    2.766E-6    1.000E9
A-X   14    6     Q   1214.673    7.193E-6    1.000E9
A-X   14    6     R   1214.410    4.427E-6    1.000E9
A-X   15    0     R   1199.678    5.896E-6    1.000E9
A-X   15    1     Q   1199.734    2.951E-6    1.000E9
A-X   15    1     R   1199.665    2.945E-6    1.000E9
A-X   15    2     P   1199.844    5.896E-7    1.000E9
A-X   15    2     Q   1199.775    2.948E-6    1.000E9
A-X   15    2     R   1199.671    2.351E-6    1.000E9
A-X   15    3     P   1199.941    8.413E-7    1.000E9
A-X   15    3     Q   1199.837    2.945E-6    1.000E9
A-X   15    3     R   1199.694    2.085E-6    1.000E9
A-X   15    4     P   1200.059    9.795E-7    1.000E9
A-X   15    4     Q   1199.915    2.936E-6    1.000E9
A-X   15    4     R   1199.742    1.898E-6    1.000E9
A-X   15    5     P   1200.192    1.061E-6    1.000E9
A-X   15    5     Q   1200.014    2.924E-6    1.000E9
A-X   15    5     R   1199.814    1.343E-6    1.000E9
A-X   15    6     P   1200.351    1.094E-6    1.000E9
A-X   15    6     Q   1200.137    2.891E-6    1.000E9
A-X   15    6     R   1199.876    1.692E-6    1.000E9
A-X   16    0     R   1185.995    2.462E-6    1.000E9
A-X   16    1     Q   1186.049    1.231E-6    1.000E9
A-X   16    1     R   1185.980    1.231E-6    1.000E9
A-X   16    2     P   1186.157    2.462E-7    1.000E9
A-X   16    2     Q   1186.088    1.231E-6    1.000E9
A-X   16    2     R   1185.988    9.849E-7    1.000E9
A-X   16    3     P   1186.251    3.517E-7    1.000E9
A-X   16    3     Q   1186.151    1.231E-6    1.000E9
A-X   16    3     R   1186.014    8.793E-7    1.000E9
A-X   16    4     P   1186.367    4.102E-7    1.000E9
A-X   16    4     Q   1186.230    1.231E-6    1.000E9
A-X   16    4     R   1186.060    8.207E-7    1.000E9
A-X   16    5     P   1186.501    4.475E-7    1.000E9
A-X   16    5     Q   1186.330    1.231E-6    1.000E9
A-X   16    5     R   1186.127    7.833E-7    1.000E9
A-X   16    6     P   1186.655    4.732E-7    1.000E9
A-X   16    6     Q   1186.452    1.231E-6    1.000E9
A-X   16    6     R   1186.214    7.575E-7    1.000E9
A-X   17    0     R   1173.159    1.021E-6    1.000E9
A-X   17    1     Q   1173.212    5.103E-7    1.000E9
A-X   17    1     R   1173.149    5.103E-7    1.000E9
A-X   17    2     P   1173.317    1.021E-7    1.000E9
A-X   17    2     Q   1173.255    5.103E-7    1.000E9
A-X   17    2     R   1173.153    4.083E-7    1.000E9
A-X   17    3     P   1173.413    1.458E-7    1.000E9
A-X   17    3     Q   1173.312    5.103E-7    1.000E9
A-X   17    3     R   1173.184    3.645E-7    1.000E9
A-X   17    4     P   1173.524    1.701E-7    1.000E9
A-X   17    4     Q   1173.396    5.102E-7    1.000E9
A-X   17    4     R   1173.234    3.402E-7    1.000E9
A-X   17    5     P   1173.661    1.855E-7    1.000E9
A-X   17    5     Q   1173.498    5.102E-7    1.000E9
A-X   17    5     R   1173.305    3.247E-7    1.000E9
A-X   17    6     P   1173.816    1.962E-7    1.000E9
A-X   17    6     Q   1173.623    5.101E-7    1.000E9
A-X   17    6     R   1173.394    3.140E-7    1.000E9
A-X   18    0     R   1161.157    4.304E-7    1.000E9
A-X   18    1     Q   1161.209    2.152E-7    1.000E9
A-X   18    1     R   1161.147    2.152E-7    1.000E9
A-X   18    2     P   1161.313    4.303E-8    1.000E9
A-X   18    2     Q   1161.251    2.152E-7    1.000E9
A-X   18    2     R   1161.160    1.722E-7    1.000E9
A-X   18    3     P   1161.406    6.147E-8    1.000E9
A-X   18    3     Q   1161.316    2.152E-7    1.000E9
A-X   18    3     R   1161.171    1.537E-7    1.000E9
A-X   18    4     P   1161.523    7.171E-8    1.000E9
A-X   18    4     Q   1161.378    2.152E-7    1.000E9
A-X   18    4     R   1161.233    1.435E-7    1.000E9
A-X   18    5     P   1161.638    7.822E-8    1.000E9
A-X   18    5     Q   1161.492    2.151E-7    1.000E9
A-X   18    5     R   1161.309    1.369E-7    1.000E9
A-X   18    6     P   1161.804    8.272E-8    1.000E9
A-X   18    6     Q   1161.620    2.151E-7    1.000E9
A-X   18    6     R   1161.405    1.324E-7    1.000E9
A-X   19    0     R   1149.983    1.835E-7    1.000E9
A-X   19    1     Q   1150.034    9.174E-8    1.000E9
A-X   19    1     R   1149.975    9.175E-8    1.000E9
A-X   19    2     P   1150.135    1.835E-8    1.000E9
A-X   19    2     Q   1150.077    9.174E-8    1.000E9
A-X   19    2     R   1149.988    7.340E-8    1.000E9
A-X   19    3     P   1150.229    2.621E-8    1.000E9
A-X   19    3     Q   1150.141    9.173E-8    1.000E9
A-X   19    3     R   1150.024    6.553E-8    1.000E9
A-X   19    4     P   1150.344    3.057E-8    1.000E9
A-X   19    4     Q   1150.227    9.173E-8    1.000E9
A-X   19    4     R   1150.080    6.116E-8    1.000E9
A-X   19    5     P   1150.481    3.335E-8    1.000E9
A-X   19    5     Q   1150.334    9.172E-8    1.000E9
A-X   19    5     R   1150.158    5.838E-8    1.000E9
A-X   19    6     P   1150.640    3.527E-8    1.000E9
A-X   19    6     Q   1150.463    9.171E-8    1.000E9
A-X   19    6     R   1150.258    5.645E-8    1.000E9
A-X   20    0     R   1139.694    8.010E-8    1.000E9
A-X   20    1     Q   1139.744    4.005E-8    1.000E9
A-X   20    1     R   1139.687    4.005E-8    1.000E9
A-X   20    2     P   1139.843    8.009E-9    1.000E9
A-X   20    2     Q   1139.787    4.005E-8    1.000E9
A-X   20    2     R   1139.704    3.204E-8    1.000E9
A-X   20    3     P   1139.937    1.144E-8    1.000E9
A-X   20    3     Q   1139.854    4.005E-8    1.000E9
A-X   20    3     R   1139.741    2.861E-8    1.000E9
A-X   20    4     P   1140.053    1.335E-8    1.000E9
A-X   20    4     Q   1139.941    4.004E-8    1.000E9
A-X   20    4     R   1139.803    2.670E-8    1.000E9
A-X   20    5     P   1140.191    1.456E-8    1.000E9
A-X   20    5     Q   1140.053    4.004E-8    1.000E9
A-X   20    5     R   1139.886    2.548E-8    1.000E9
A-X   20    6     P   1140.353    1.540E-8    1.000E9
A-X   20    6     Q   1140.186    4.004E-8    1.000E9
A-X   20    6     R   1139.991    2.464E-8    1.000E9
A-X   21    0     R   1130.336    3.578E-8    1.000E9
A-X   21    1     Q   1130.385    1.789E-8    1.000E9
A-X   21    1     R   1130.335    1.789E-8    1.000E9
A-X   21    2     P   1130.484    3.577E-9    1.000E9
A-X   21    2     Q   1130.434    1.789E-8    1.000E9
A-X   21    2     R   1130.355    1.431E-8    1.000E9
A-X   21    3     P   1130.581    5.110E-9    1.000E9
A-X   21    3     Q   1130.503    1.789E-8    1.000E9
A-X   21    3     R   1130.398    1.278E-8    1.000E9
A-X   21    4     P   1130.699    5.961E-9    1.000E9
A-X   21    4     Q   1130.595    1.789E-8    1.000E9
A-X   21    4     R   1130.465    1.192E-8    1.000E9
A-X   21    5     P   1130.841    6.502E-9    1.000E9
A-X   21    5     Q   1130.710    1.788E-8    1.000E9
A-X   21    5     R   1130.553    1.138E-8    1.000E9
A-X   21    6     P   1131.005    6.876E-9    1.000E9
A-X   21    6     Q   1130.848    1.788E-8    1.000E9
A-X   21    6     R   1130.666    1.101E-8    1.000E9
A-X   22    0     R   1122.074    1.625E-8    1.000E9
A-X   22    1     Q   1122.122    8.126E-9    1.000E9
A-X   22    1     R   1122.074    8.127E-9    1.000E9
A-X   22    2     P   1122.219    1.625E-9    1.000E9
A-X   22    2     Q   1122.171    8.126E-9    1.000E9
A-X   22    2     R   1122.099    6.501E-9    1.000E9
A-X   22    3     P   1122.317    2.321E-9    1.000E9
A-X   22    3     Q   1122.245    8.125E-9    1.000E9
A-X   22    3     R   1122.149    5.804E-9    1.000E9
A-X   22    4     P   1122.438    2.708E-9    1.000E9
A-X   22    4     Q   1122.342    8.125E-9    1.000E9
A-X   22    4     R   1122.223    5.417E-9    1.000E9
A-X   22    5     P   1122.585    2.954E-9    1.000E9
A-X   22    5     Q   1122.465    8.124E-9    1.000E9
A-X   22    5     R   1122.321    5.170E-9    1.000E9
A-X   22    6     P   1122.755    3.124E-9    1.000E9
A-X   22    6     Q   1122.612    8.123E-9    1.000E9
A-X   22    6     R   1122.444    4.999E-9    1.000E9
A-X   23    0     R   1115.104    7.881E-9    1.000E9
A-X   23    1     Q   1115.151    3.940E-9    1.000E9
A-X   23    1     R   1115.108    3.940E-9    1.000E9
A-X   23    2     P   1115.247    0.788E-9    1.000E9
A-X   23    2     Q   1115.203    3.940E-9    1.000E9
A-X   23    2     R   1115.145    3.152E-9    1.000E9
A-X   23    3     P   1115.347    1.126E-9    1.000E9
A-X   23    3     Q   1115.288    3.940E-9    1.000E9
A-X   23    3     R   1115.214    2.814E-9    1.000E9
A-X   23    4     P   1115.480    1.313E-9    1.000E9
A-X   23    4     Q   1115.406    3.939E-9    1.000E9
A-X   23    4     R   1115.262    2.626E-9    1.000E9
A-X   23    5     P   1115.645    1.432E-9    1.000E9
A-X   23    5     Q   1115.501    3.939E-9    1.000E9
A-X   23    5     R   1115.395    2.507E-9    1.000E9
A-X   23    6     P   1115.788    1.515E-9    1.000E9
A-X   23    6     Q   1115.682    3.938E-9    1.000E9
A-X   23    6     R   1115.532    2.424E-9    1.000E9
d-X   3     0     R   1561.234    6.887E-6    1.000E9
d-X   3     1     Q   1561.328    3.443E-6    1.000E9
d-X   3     1     R   1561.197    3.402E-6    1.000E9
d-X   3     2     P   1561.515    6.886E-7    1.000E9
d-X   3     2     Q   1561.383    3.402E-6    1.000E9
d-X   3     2     R   1561.189    2.675E-6    1.000E9
d-X   3     3     P   1561.666    9.718E-7    1.000E9
d-X   3     3     Q   1561.469    3.343E-6    1.000E9
d-X   3     3     R   1561.210    2.334E-6    1.000E9
d-X   3     4     P   1561.845    1.114E-6    1.000E9
d-X   3     4     Q   1561.586    3.266E-6    1.000E9
d-X   3     4     R   1561.260    2.119E-6    1.000E9
d-X   3     5     P   1562.054    1.187E-6    1.000E9
d-X   3     5     Q   1561.729    3.177E-6    1.000E9
d-X   3     5     R   1561.340    1.959E-6    1.000E9
d-X   3     6     P   1562.292    1.222E-6    1.000E9
d-X   3     6     Q   1561.903    3.077E-6    1.000E9
d-X   3     6     R   1561.449    1.828E-6    1.000E9
d-X   4     0     R   1535.070    1.515E-5    1.000E9
d-X   4     1     Q   1535.162    7.573E-6    1.000E9
d-X   4     1     R   1535.038    7.559E-6    1.000E9
d-X   4     2     P   1535.342    1.515E-6    1.000E9
d-X   4     2     Q   1535.219    7.558E-6    1.000E9
d-X   4     2     R   1535.034    6.031E-6    1.000E9
d-X   4     3     P   1535.491    2.159E-6    1.000E9
d-X   4     3     Q   1535.306    7.537E-6    1.000E9
d-X   4     3     R   1535.058    5.369E-6    1.000E9
d-X   4     4     P   1535.668    2.512E-6    1.000E9
d-X   4     4     Q   1535.420    7.515E-6    1.000E9
d-X   4     4     R   1535.110    4.998E-6    1.000E9
d-X   4     5     P   1535.874    2.732E-6    1.000E9
d-X   4     5     Q   1535.564    7.495E-6    1.000E9
d-X   4     5     R   1535.194    4.762E-6    1.000E9
d-X   4     6     P   1536.108    2.882E-6    1.000E9
d-X   4     6     Q   1535.738    7.480E-6    1.000E9
d-X   4     6     R   1535.306    4.603E-6    1.000E9
d-X   5     0     R   1510.341    5.945E-3    1.000E9
d-X   5     1     Q   1510.428    2.972E-3    1.000E9
d-X   5     1     R   1510.305    2.747E-3    1.000E9
d-X   5     2     P   1510.604    5.944E-4    1.000E9
d-X   5     2     Q   1510.481    2.747E-3    1.000E9
d-X   5     2     R   1510.298    1.955E-3    1.000E9
d-X   5     3     P   1510.743    7.846E-4    1.000E9
d-X   5     3     Q   1510.560    2.443E-3    1.000E9
d-X   5     3     R   1510.316    1.499E-3    1.000E9
d-X   5     4     P   1510.912    8.143E-4    1.000E9
d-X   5     4     Q   1510.667    2.098E-3    1.000E9
d-X   5     4     R   1510.364    1.164E-3    1.000E9
d-X   5     5     P   1511.106    7.628E-4    1.000E9
d-X   5     5     Q   1510.803    1.746E-3    1.000E9
d-X   5     5     R   1510.442    9.005E-4    1.000E9
d-X   5     6     P   1511.329    6.711E-4    1.000E9
d-X   5     6     Q   1510.969    1.415E-3    1.000E9
d-X   5     6     R   1510.548    6.914E-4    1.000E9
d-X   7     0     R   1464.142    4.020E-6    1.000E9
d-X   7     1     Q   1464.222    2.010E-6    1.000E9
d-X   7     1     R   1464.115    2.004E-6    1.000E9
d-X   7     2     P   1464.390    4.019E-7    1.000E9
d-X   7     2     Q   1464.281    2.004E-6    1.000E9
d-X   7     2     R   1464.119    1.595E-6    1.000E9
d-X   7     3     P   1464.527    5.724E-7    1.000E9
d-X   7     3     Q   1464.366    1.994E-6    1.000E9
d-X   7     3     R   1464.151    1.416E-6    1.000E9
d-X   7     4     P   1464.696    6.644E-7    1.000E9
d-X   7     4     Q   1464.481    1.982E-6    1.000E9
d-X   7     4     R   1464.215    1.313E-6    1.000E9
d-X   7     5     P   1464.893    7.204E-7    1.000E9
d-X   7     5     Q   1464.625    1.969E-6    1.000E9
d-X   7     5     R   1464.303    1.245E-6    1.000E9
d-X   7     6     P   1465.123    7.572E-7    1.000E9
d-X   7     6     Q   1464.796    1.955E-6    1.000E9
d-X   7     6     R   1464.423    1.195E-6    1.000E9
d-X   12    0     R   1366.439    7.873E-5    1.000E9
d-X   12    1     Q   1366.511    3.928E-5    1.000E9
d-X   12    1     R   1366.424    4.057E-5    1.000E9
d-X   12    2     P   1366.655    7.872E-6    1.000E9
d-X   12    2     Q   1366.568    4.025E-5    1.000E9
d-X   12    2     R   1366.438    3.401E-5    1.000E9
d-X   12    3     P   1366.783    1.159E-5    1.000E9
d-X   12    3     Q   1366.653    4.145E-5    1.000E9
d-X   12    3     R   1366.480    3.240E-5    1.000E9
d-X   12    4     P   1366.940    1.416E-5    1.000E9
d-X   12    4     Q   1366.767    4.085E-5    1.000E9
d-X   12    4     R   1366.550    3.287E-5    1.000E9
d-X   12    5     P   1367.126    1.649E-5    1.000E9
d-X   12    5     Q   1366.906    6.447E-5    1.000E9
d-X   12    5     R   1366.649    3.486E-5    1.000E9
d-X   12    6     P   1367.340    1.895E-5    1.000E9
d-X   12    6     Q   1367.079    6.378E-5    1.000E9
d-X   12    6     R   1366.777    3.819E-5    1.000E9
e-X   1     0  +eQR   1543.163    2.200E-4    1.000E9
e-X   1     0  +eSR   1542.996    1.677E-4    1.000E9
e-X   1     1  -eQQ   1543.173    1.916E-4    1.000E9
e-X   1     1  -eQR   1543.196    1.269E-4    1.000E9
e-X   1     1  -eSR   1542.906    8.133E-5    1.000E9
e-X   1     2  +eOP   1543.438    2.200E-5    1.000E9
e-X   1     2  +eQP   1543.270    1.676E-5    1.000E9
e-X   1     2  +eQQ   1543.235    2.010E-4    1.000E9
e-X   1     2  +eQR   1543.258    1.225E-4    1.000E9
e-X   1     2  +eSR   1542.849    6.422E-5    1.000E9
e-X   1     3  -eOP   1543.654    3.626E-5    1.000E9
e-X   1     3  -eQP   1543.364    2.323E-5    1.000E9
e-X   1     3  -eQQ   1543.329    2.163E-4    1.000E9
e-X   1     3  -eQR   1543.352    1.389E-4    1.000E9
e-X   1     3  -eSR   1542.824    5.798E-5    1.000E9
e-X   1     4  +eOP   1543.900    5.104E-5    1.000E9
e-X   1     4  +eQP   1543.490    2.675E-5    1.000E9
e-X   1     4  +eQQ   1543.454    2.395E-4    1.000E9
e-X   1     4  +eQR   1543.474    1.762E-4    1.000E9
e-X   1     4  +eSR   1542.831    5.590E-5    1.000E9
e-X   1     5  -eOP   1544.177    7.066E-5    1.000E9
e-X   1     5  -eQP   1543.648    2.950E-5    1.000E9
e-X   1     5  -eQQ   1543.610    2.740E-4    1.000E9
e-X   1     5  -eQR   1543.627    2.513E-4    1.000E9
e-X   1     5  -eSR   1542.868    5.645E-5    1.000E9
e-X   1     6  +eOP   1544.482    1.016E-4    1.000E9
e-X   1     6  +eQP   1543.838    3.223E-5    1.000E9
e-X   1     6  +eQQ   1543.797    3.257E-4    1.000E9
e-X   1     6  +eQR   1543.806    4.169E-4    1.000E9
e-X   1     6  +eSR   1542.939    5.912E-5    1.000E9
e-X   4     0  +eQR   1471.240    1.398E-5    1.000E9
e-X   4     0  +eSR   1471.092    1.031E-5    1.000E9
e-X   4     1  -eQQ   1471.258    1.213E-5    1.000E9
e-X   4     1  -eQR   1471.274    6.841E-6    1.000E9
e-X   4     1  -eSR   1471.019    5.433E-6    1.000E9
e-X   4     2  +eOP   1471.490    1.398E-6    1.000E9
e-X   4     2  +eQP   1471.342    1.031E-6    1.000E9
e-X   4     2  +eQQ   1471.320    1.226E-5    1.000E9
e-X   4     2  +eQR   1471.338    5.537E-6    1.000E9
e-X   4     2  +eSR   1470.963    4.442E-6    1.000E9
e-X   4     3  -eOP   1471.691    1.954E-6    1.000E9
e-X   4     3  -eQP   1471.435    1.552E-6    1.000E9
e-X   4     3  -eQQ   1471.411    1.244E-5    1.000E9
e-X   4     3  -eQR   1471.431    5.077E-6    1.000E9
e-X   4     3  -eSR   1470.963    4.029E-6    1.000E9
e-X   4     4  +eOP   1471.920    2.306E-6    1.000E9
e-X   4     4  +eQP   1471.546    1.850E-6    1.000E9
e-X   4     4  +eQQ   1471.539    1.270E-5    1.000E9
e-X   4     4  +eQR   1471.554    4.918E-6    1.000E9
e-X   4     4  +eSR   1470.978    3.822E-6    1.000E9
e-X   4     5  -eOP   1472.181    2.583E-6    1.000E9
e-X   4     5  -eQP   1471.712    2.050E-6    1.000E9
e-X   4     5  -eQQ   1471.691    1.302E-5    1.000E9
e-X   4     5  -eQR   1471.711    4.915E-6    1.000E9
e-X   4     5  -eSR   1471.032    3.716E-6    1.000E9
e-X   4     6  +eOP   1472.471    2.836E-6    1.000E9
e-X   4     6  +eQP   1471.893    2.204E-6    1.000E9
e-X   4     6  +eQQ   1471.880    1.343E-5    1.000E9
e-X   4     6  +eQR   1471.897    5.015E-6    1.000E9
e-X   4     6  +eSR   1471.116    3.674E-6    1.000E9
e-X   5     0  +eQR   1449.544    5.587E-5    1.000E9
e-X   5     0  +eSR   1449.401    4.234E-5    1.000E9
e-X   5     1  -eQQ   1449.569    4.893E-5    1.000E9
e-X   5     1  -eQR   1449.579    2.429E-5    1.000E9
e-X   5     1  -eSR   1449.328    2.394E-5    1.000E9
e-X   5     2  +eOP   1449.786    5.586E-6    1.000E9
e-X   5     2  +eQP   1449.644    4.233E-6    1.000E9
e-X   5     2  +eQQ   1449.630    4.771E-5    1.000E9
e-X   5     2  +eQR   1449.639    1.735E-5    1.000E9
e-X   5     2  +eSR   1449.288    2.013E-5    1.000E9
e-X   5     3  -eOP   1449.984    6.939E-6    1.000E9
e-X   5     3  -eQP   1449.732    6.839E-6    1.000E9
e-X   5     3  -eQQ   1449.719    4.580E-5    1.000E9
e-X   5     3  -eQR   1449.735    1.388E-5    1.000E9
e-X   5     3  -eSR   1449.284    1.810E-5    1.000E9
e-X   5     4  +eOP   1450.205    7.227E-6    1.000E9
e-X   5     4  +eQP   1449.853    8.383E-6    1.000E9
e-X   5     4  +eQQ   1449.843    4.354E-5    1.000E9
e-X   5     4  +eQR   1449.855    1.168E-5    1.000E9
e-X   5     4  +eSR   1449.307    1.677E-5    1.000E9
e-X   5     5  -eOP   1450.463    7.063E-6    1.000E9
e-X   5     5  -eQP   1450.011    9.208E-6    1.000E9
e-X   5     5  -eQQ   1450.002    4.077E-5    1.000E9
e-X   5     5  -eQR   1450.013    9.938E-6    1.000E9
e-X   5     5  -eSR   1449.361    1.557E-5    1.000E9
e-X   5     6  +eOP   1450.745    6.736E-6    1.000E9
e-X   5     6  +eQP   1450.196    9.671E-6    1.000E9
e-X   5     6  +eQQ   1450.183    3.799E-5    1.000E9
e-X   5     6  +eQR   1450.194    8.542E-6    1.000E9
e-X   5     6  +eSR   1449.450    1.441E-5    1.000E9
e-X   12    0  +eQR   1323.052    8.080E-6    1.000E9
e-X   12    0  +eSR   1322.945    6.060E-6    1.000E9
e-X   12    1  -eQQ   1323.073    7.070E-6    1.000E9
e-X   12    1  -eQR   1323.082    3.030E-6    1.000E9
e-X   12    1  -eSR   1322.898    4.040E-6    1.000E9
e-X   12    2  +eOP   1323.254    8.079E-7    1.000E9
e-X   12    2  +eQP   1323.147    6.059E-7    1.000E9
e-X   12    2  +eQQ   1323.133    6.060E-6    1.000E9
e-X   12    2  +eQR   1323.142    1.616E-6    1.000E9
e-X   12    2  +eSR   1322.883    3.232E-6    1.000E9
e-X   12    3  -eOP   1323.419    8.655E-7    1.000E9
e-X   12    3  -eQP   1323.235    1.154E-6    1.000E9
e-X   12    3  -eQQ   1323.222    6.060E-6    1.000E9
e-X   12    3  -eQR   1323.232    1.443E-6    1.000E9
e-X   12    3  -eSR   1322.897    2.886E-6    1.000E9
e-X   12    4  +eOP   1323.613    6.731E-7    1.000E9
e-X   12    4  +eQP   1323.354    1.346E-6    1.000E9
e-X   12    4  +eQQ   1323.341    5.049E-6    1.000E9
e-X   12    4  +eQR   1323.351    1.347E-6    1.000E9
e-X   12    4  +eSR   1322.941    2.693E-6    1.000E9
e-X   12    5  -eOP   1323.838    7.343E-7    1.000E9
e-X   12    5  -eQP   1323.502    1.469E-6    1.000E9
e-X   12    5  -eQQ   1323.490    5.049E-6    1.000E9
e-X   12    5  -eQR   1323.500    6.427E-7    1.000E9
e-X   12    5  -eSR   1323.014    1.928E-6    1.000E9
e-X   12    6  +eOP   1324.092    7.765E-7    1.000E9
e-X   12    6  +eQP   1323.681    1.553E-6    1.000E9
e-X   12    6  +eQQ   1323.668    4.039E-6    1.000E9
e-X   12    6  +eQR   1323.679    6.215E-7    1.000E9
e-X   12    6  +eSR   1323.118    1.865E-6    1.000E9
a-X   11    0   eRR   1480.789    2.864E-5    1.000E9
a-X   11    1  -ePQ   1480.912    1.109E-5    1.000E9
a-X   11    1  -eRQ   1480.732    3.248E-6    1.000E9
a-X   11    1  -eRR   1480.774    1.400E-5    1.000E9
a-X   11    2  +ePP   1481.042    2.863E-6    1.000E9
a-X   11    2  +ePQ   1481.024    9.224E-6    1.000E9
a-X   11    2  +eRQ   1480.754    4.848E-6    1.000E9
a-X   11    2  +eRR   1480.791    1.084E-5    1.000E9
a-X   11    3  -ePP   1481.196    4.000E-6    1.000E9
a-X   11    3  -ePQ   1481.169    8.046E-6    1.000E9
a-X   11    3  -eRQ   1480.807    5.630E-6    1.000E9
a-X   11    3  -eRR   1480.842    9.276E-6    1.000E9
a-X   11    4   ePP   1481.382    4.516E-6    1.000E9
a-X   11    4  +ePQ   1481.360    7.157E-6    1.000E9
a-X   11    4  +eRQ   1480.897    6.011E-6    1.000E9
a-X   11    4  +eRR   1480.930    8.217E-6    1.000E9
a-X   11    5  -ePP   1481.602    4.720E-6    1.000E9
a-X   11    5  -ePQ   1481.577    6.415E-6    1.000E9
a-X   11    5  -eRQ   1481.016    6.152E-6    1.000E9
a-X   11    5  -eRR   1481.046    7.380E-6    1.000E9
a-X   11    6  +ePP   1481.858    4.737E-6    1.000E9
a-X   11    6  +ePQ   1481.831    5.763E-6    1.000E9
a-X   11    6  +eRQ   1481.168    6.137E-6    1.000E9
a-X   11    6  +eRR   1481.199    6.663E-6    1.000E9
a-X   14    0   eRR   1419.533    8.853E-4    1.000E9
a-X   14    1  -ePQ   1419.644    3.284E-4    1.000E9
a-X   14    1  -eRQ   1419.476    1.468E-4    1.000E9
a-X   14    1  -eRR   1419.522    3.901E-4    1.000E9
a-X   14    2  +ePP   1419.766    8.851E-5    1.000E9
a-X   14    2  +ePQ   1419.740    2.211E-4    1.000E9
a-X   14    2  +eRQ   1419.505    2.440E-4    1.000E9
a-X   14    2  +eRR   1419.541    2.615E-4    1.000E9
a-X   14    3  -ePP   1419.910    1.114E-4    1.000E9
a-X   14    3  -ePQ   1419.883    1.522E-4    1.000E9
a-X   14    3  -eRQ   1419.563    2.829E-4    1.000E9
a-X   14    3  -eRR   1419.596    1.882E-4    1.000E9
a-X   14    4   ePP   1420.084    1.089E-4    1.000E9
a-X   14    4  +ePQ   1420.058    1.068E-4    1.000E9
a-X   14    4  +eRQ   1419.654    2.768E-4    1.000E9
a-X   14    4  +eRR   1419.682    1.378E-4    1.000E9
a-X   14    5  -ePP   1420.294    9.575E-5    1.000E9
a-X   14    5  -ePQ   1420.267    7.634E-5    1.000E9
a-X   14    5  -eRQ   1419.771    2.428E-4    1.000E9
a-X   14    5  -eRR   1419.799    1.016E-4    1.000E9
a-X   14    6  +ePP   1420.535    7.945E-5    1.000E9
a-X   14    6  +ePQ   1420.509    5.613E-5    1.000E9
a-X   14    6  +eRQ   1419.928    1.978E-4    1.000E9
a-X   14    6  +eRR   1419.952    7.536E-5    1.000E9
a-X   17    0   eRR   1366.213    2.536E-5    1.000E9
a-X   17    1  -ePQ   1366.314    1.055E-5    1.000E9
a-X   17    1  -eRQ   1366.179    2.294E-6    1.000E9
a-X   17    1  -eRR   1366.206    1.332E-5    1.000E9
a-X   17    2  +ePP   1366.428    2.535E-6    1.000E9
a-X   17    2  +ePQ   1366.415    1.050E-5    1.000E9
a-X   17    2  +eRQ   1366.207    3.300E-6    1.000E9
a-X   17    2  +eRR   1366.232    1.150E-5    1.000E9
a-X   17    3  -ePP   1366.565    3.806E-6    1.000E9
a-X   17    3  -ePQ   1366.550    1.195E-5    1.000E9
a-X   17    3  -eRQ   1366.267    3.864E-6    1.000E9
a-X   17    3  -eRR   1366.290    1.141E-5    1.000E9
a-X   17    4   ePP   1366.734    4.788E-6    1.000E9
a-X   17    4  +ePQ   1366.718    1.694E-5    1.000E9
a-X   17    4  +eRQ   1366.358    4.266E-6    1.000E9
a-X   17    4  +eRR   1366.380    1.232E-5    1.000E9
a-X   17    5  -ePP   1366.936    5.808E-6    1.000E9
a-X   17    5  -ePQ   1366.923    4.024E-8    1.000E9
a-X   17    5  -eRQ   1366.482    4.708E-6    1.000E9
a-X   17    5  -eRR   1366.502    1.422E-5    1.000E9
a-X   17    6  +ePP   1367.170    7.102E-6    1.000E9
a-X   17    6  +ePQ   1367.154    1.090E-5    1.000E9
a-X   17    6  +eRQ   1366.637    5.271E-6    1.000E9
a-X   17    6  +eRR   1366.657    1.771E-5    1.000E9
B-X   0     0     R   1150.483    4.520E-3    1.000E9
B-X   0     1     Q   1150.585    1.507E-3    1.000E9
B-X   0     1     R   1150.430    3.014E-3    1.000E9
B-X   0     2     P   1150.635    1.808E-3    1.000E9
B-X   0     2     Q   1150.377    2.712E-3    1.000E9
B-X   0     2     R   1150.685    1.937E-3    1.000E9
B-X   0     3     P   1150.324    2.583E-3    1.000E9
B-X   0     3     Q   1150.734    2.009E-3    1.000E9
B-X   0     3     R   1150.270    2.512E-3    1.000E9
B-X   0     4     P   1150.782    2.054E-3    1.000E9
B-X   0     4     Q   1150.215    2.466E-3    1.000E9
B-X   0     4     R   1150.829    2.086E-3    1.000E9
B-X   0     5     P   1150.172    2.435E-3    1.000E9
B-X   1     0     R   1123.568    7.160E-4    1.000E9
B-X   1     1     Q   1123.665    2.387E-4    1.000E9
B-X   1     1     R   1123.520    4.774E-4    1.000E9
B-X   1     2     P   1123.714    2.864E-4    1.000E9
B-X   1     2     Q   1123.471    4.297E-4    1.000E9
B-X   1     2     R   1123.762    3.068E-4    1.000E9
B-X   1     3     P   1123.422    4.092E-4    1.000E9
B-X   1     3     Q   1123.810    3.182E-4    1.000E9
B-X   1     3     R   1123.374    3.979E-4    1.000E9
B-X   1     4     P   1123.859    3.254E-4    1.000E9
B-X   1     4     Q   1123.325    3.906E-4    1.000E9
B-X   1     4     R   1123.908    3.304E-4    1.000E9
B-X   1     5     P   1123.277    3.857E-4    1.000E9
B-X   2     0     R   1098.998    3.740E-5    1.000E9
B-X   2     1     Q   1099.091    1.247E-5    1.000E9
B-X   2     1     R   1098.954    2.494E-5    1.000E9
B-X   2     2     P   1099.138    1.496E-5    1.000E9
B-X   2     2     Q   1098.912    2.244E-5    1.000E9
B-X   2     2     R   1099.186    1.603E-5    1.000E9
B-X   2     3     P   1098.869    2.137E-5    1.000E9
B-X   2     3     Q   1099.237    1.662E-5    1.000E9
B-X   2     3     R   1098.829    2.078E-5    1.000E9
B-X   2     4     P   1099.287    1.700E-5    1.000E9
B-X   2     4     Q   1098.789    2.040E-5    1.000E9
B-X   2     4     R   1099.340    1.726E-5    1.000E9
B-X   2     5     P   1098.751    2.014E-5    1.000E9
C-X   0     0     R   1087.868    1.177E-1    1.000E9
C-X   0     1     P   1087.959    3.923E-2    1.000E9
C-X   0     1     R   1087.821    7.847E-2    1.000E9
C-X   0     2     P   1088.004    4.708E-2    1.000E9
C-X   0     2     R   1087.774    7.063E-2    1.000E9
C-X   0     3     P   1088.049    5.044E-2    1.000E9
C-X   0     3     R   1087.727    6.727E-2    1.000E9
C-X   0     4     P   1088.093    5.230E-2    1.000E9
C-X   0     4     R   1087.679    6.540E-2    1.000E9
C-X   0     5     P   1088.136    5.349E-2    1.000E9
C-X   0     5     R   1087.630    6.422E-2    1.000E9
C-X   0     6     P   1088.179    5.431E-2    1.000E9
C-X   0     6     R   1087.581    6.340E-2    1.000E9
C-X   1     0     R   1063.045    3.560E-3    1.000E9
C-X   1     1     P   1063.133    1.187E-3    1.000E9
C-X   1     1     R   1063.001    2.374E-3    1.000E9
C-X   1     2     P   1063.175    1.424E-3    1.000E9
C-X   1     2     R   1062.957    2.136E-3    1.000E9
C-X   1     3     P   1063.218    1.526E-3    1.000E9
C-X   1     3     R   1062.913    2.035E-3    1.000E9
C-X   1     4     P   1063.261    1.582E-3    1.000E9
C-X   1     4     R   1062.870    1.978E-3    1.000E9
C-X   1     5     P   1063.304    1.618E-3    1.000E9
C-X   1     5     R   1062.826    1.942E-3    1.000E9
C-X   1     6     P   1063.347    1.643E-3    1.000E9
C-X   1     6     R   1062.783    1.917E-3    1.000E9
C-X   2     0     R   1039.710    1.045E-5    1.000E9
C-X   2     1     P   1039.792    3.483E-6    1.000E9
C-X   2     1     R   1039.669    6.967E-6    1.000E9
C-X   2     2     P   1039.834    4.180E-6    1.000E9
C-X   2     2     R   1039.628    6.271E-6    1.000E9
C-X   2     3     P   1039.877    4.478E-6    1.000E9
C-X   2     3     R   1039.588    5.972E-6    1.000E9
C-X   2     4     P   1039.919    4.644E-6    1.000E9
C-X   2     4     R   1039.550    5.807E-6    1.000E9
C-X   2     5     P   1039.962    4.749E-6    1.000E9
C-X   2     5     R   1039.510    5.701E-6    1.000E9
C-X   2     6     P   1040.007    4.822E-6    1.000E9
C-X   2     6     R   1039.471    5.628E-6    1.000E9
C-X   3     0     R   1017.830    4.360E-5    1.000E9
C-X   3     1     P   1017.910    1.453E-5    1.000E9
C-X   3     1     R   1017.791    2.907E-5    1.000E9
C-X   3     2     P   1017.950    1.744E-5    1.000E9
C-X   3     2     R   1017.755    2.616E-5    1.000E9
C-X   3     3     P   1017.991    1.868E-5    1.000E9
C-X   3     3     R   1017.719    2.492E-5    1.000E9
C-X   3     4     P   1018.034    1.937E-5    1.000E9
C-X   3     4     R   1017.684    2.423E-5    1.000E9
C-X   3     5     P   1018.078    1.981E-5    1.000E9
C-X   3     5     R   1017.650    2.379E-5    1.000E9
C-X   3     6     P   1018.122    2.012E-5    1.000E9
C-X   3     6     R   1017.617    2.348E-5    1.000E9
